frame,t,wall_ms,cpu_ms,sw_solver_ms,sw_solves,sw_iters,stop_budget,stop_time,stop_iter,stop_conv,init_solver_ms,bk_work_ms,bk_track_ms,bk_track_n
0,1403715273.262143135,3.9255,3.6320,nan,-1,-1,-1,-1,-1,-1,nan,0.0005,0.0000,0
1,1403715273.312143087,4.8857,3.7307,nan,-1,-1,-1,-1,-1,-1,nan,0.0006,0.0000,0
2,1403715273.362143040,3.5751,3.5571,nan,-1,-1,-1,-1,-1,-1,nan,0.0003,0.0000,0
3,1403715273.412143230,3.4204,3.4013,nan,-1,-1,-1,-1,-1,-1,nan,0.0005,0.0000,0
4,1403715273.462142944,3.1804,3.1745,nan,-1,-1,-1,-1,-1,-1,nan,0.0003,0.0000,0
5,1403715273.512143135,3.4541,3.4204,nan,-1,-1,-1,-1,-1,-1,nan,0.0003,0.0000,0
6,1403715273.562143087,3.2100,3.2049,nan,-1,-1,-1,-1,-1,-1,nan,0.0005,0.0000,0
7,1403715273.612143278,3.2624,3.2607,nan,-1,-1,-1,-1,-1,-1,nan,0.0002,0.0000,0
8,1403715273.662142992,3.4719,3.4555,nan,-1,-1,-1,-1,-1,-1,nan,0.0002,0.0000,0
9,1403715273.712143183,3.1477,3.1510,nan,-1,-1,-1,-1,-1,-1,nan,0.0002,0.0000,0
10,1403715273.762143135,3.3909,3.3656,nan,-1,-1,-1,-1,-1,-1,nan,0.0005,0.0000,0
11,1403715273.812143087,3.2391,3.2407,nan,-1,-1,-1,-1,-1,-1,nan,0.0005,0.0000,0
12,1403715273.862143040,3.4586,3.4271,nan,-1,-1,-1,-1,-1,-1,nan,0.0003,0.0000,0
13,1403715273.912143230,3.3153,3.3043,nan,-1,-1,-1,-1,-1,-1,nan,0.0002,0.0000,0
14,1403715273.962142944,3.3175,3.3024,nan,-1,-1,-1,-1,-1,-1,nan,0.0003,0.0000,0
15,1403715274.012143135,3.3217,3.3220,nan,-1,-1,-1,-1,-1,-1,nan,0.0002,0.0000,0
16,1403715274.062143087,3.4683,3.4361,nan,-1,-1,-1,-1,-1,-1,nan,0.0002,0.0000,0
17,1403715274.112143278,3.1899,3.1937,nan,-1,-1,-1,-1,-1,-1,nan,0.0001,0.0000,0
18,1403715274.162142992,3.5033,3.4648,nan,-1,-1,-1,-1,-1,-1,nan,0.0002,0.0000,0
19,1403715274.212143183,3.4558,3.3900,nan,-1,-1,-1,-1,-1,-1,nan,0.0003,0.0000,0
20,1403715274.262143135,3.2870,3.2840,nan,-1,-1,-1,-1,-1,-1,nan,0.0003,0.0000,0
21,1403715274.312143087,3.4155,3.4098,nan,-1,-1,-1,-1,-1,-1,nan,0.0002,0.0000,0
22,1403715274.362143040,3.2056,3.2024,nan,-1,-1,-1,-1,-1,-1,nan,0.0003,0.0000,0
23,1403715274.412143230,3.2029,3.2066,nan,-1,-1,-1,-1,-1,-1,nan,0.0003,0.0000,0
24,1403715274.462142944,3.2664,3.2551,nan,-1,-1,-1,-1,-1,-1,nan,0.0001,0.0000,0
25,1403715274.512143135,3.1907,3.1897,nan,-1,-1,-1,-1,-1,-1,nan,0.0002,0.0000,0
26,1403715274.562143087,3.3426,3.3201,nan,-1,-1,-1,-1,-1,-1,nan,0.0003,0.0000,0
27,1403715274.612143278,3.2451,3.2356,nan,-1,-1,-1,-1,-1,-1,nan,0.0003,0.0000,0
28,1403715274.662142992,3.3222,3.3185,nan,-1,-1,-1,-1,-1,-1,nan,0.0005,0.0000,0
29,1403715274.712143183,3.2870,3.2906,nan,-1,-1,-1,-1,-1,-1,nan,0.0005,0.0000,0
30,1403715274.762143135,3.4915,3.4503,nan,-1,-1,-1,-1,-1,-1,nan,0.0004,0.0000,0
31,1403715274.812143087,3.1694,3.1731,nan,-1,-1,-1,-1,-1,-1,nan,0.0003,0.0000,0
32,1403715274.862143040,3.3010,3.2980,nan,-1,-1,-1,-1,-1,-1,nan,0.0002,0.0000,0
33,1403715274.912143230,3.2824,3.2832,nan,-1,-1,-1,-1,-1,-1,nan,0.0003,0.0000,0
34,1403715274.962142944,3.2631,3.2613,nan,-1,-1,-1,-1,-1,-1,nan,0.0003,0.0000,0
35,1403715275.012143135,3.4904,3.4869,nan,-1,-1,-1,-1,-1,-1,nan,0.3236,0.0000,0
36,1403715275.062143087,3.7233,3.7224,nan,-1,-1,-1,-1,-1,-1,nan,0.3793,0.0000,0
37,1403715275.112143278,3.8737,3.8388,nan,-1,-1,-1,-1,-1,-1,nan,0.3705,0.0000,0
38,1403715275.162142992,3.6418,3.6345,nan,-1,-1,-1,-1,-1,-1,nan,0.3619,0.0000,0
39,1403715275.212143183,3.7242,3.7062,nan,-1,-1,-1,-1,-1,-1,nan,0.3788,0.0000,0
40,1403715275.262143135,3.9250,3.9187,nan,-1,-1,-1,-1,-1,-1,nan,0.3764,0.0000,0
41,1403715275.312143087,3.6427,3.6379,nan,-1,-1,-1,-1,-1,-1,nan,0.3890,0.0000,0
42,1403715275.362143040,3.7782,3.7610,nan,-1,-1,-1,-1,-1,-1,nan,0.3796,0.0000,0
43,1403715275.412143230,3.9256,3.9068,nan,-1,-1,-1,-1,-1,-1,nan,0.3797,0.0000,0
44,1403715275.462142944,3.6113,3.6149,nan,-1,-1,-1,-1,-1,-1,nan,0.3816,0.0000,0
45,1403715275.512143135,3.7113,3.7007,nan,-1,-1,-1,-1,-1,-1,nan,0.3836,0.0000,0
46,1403715275.562143087,3.8092,3.7958,nan,-1,-1,-1,-1,-1,-1,nan,0.3876,0.0000,0
47,1403715275.612143278,3.6763,3.6799,nan,-1,-1,-1,-1,-1,-1,nan,0.3868,0.0000,0
48,1403715275.662142992,3.6545,3.6581,nan,-1,-1,-1,-1,-1,-1,nan,0.3937,0.0000,0
49,1403715275.712143183,4.0234,3.8828,nan,-1,-1,-1,-1,-1,-1,nan,0.3931,0.0000,0
50,1403715275.762143135,3.7702,3.7662,nan,-1,-1,-1,-1,-1,-1,nan,0.3998,0.0000,0
51,1403715275.812143087,3.9639,3.9272,nan,-1,-1,-1,-1,-1,-1,nan,0.4020,0.0000,0
52,1403715275.862143040,3.8516,3.8508,nan,-1,-1,-1,-1,-1,-1,nan,0.4070,0.0000,0
53,1403715275.912143230,3.7097,3.7085,nan,-1,-1,-1,-1,-1,-1,nan,0.3962,0.0000,0
54,1403715275.962142944,3.8453,3.7831,nan,-1,-1,-1,-1,-1,-1,nan,0.4160,0.0000,0
55,1403715276.012143135,4.1190,3.9457,nan,-1,-1,-1,-1,-1,-1,nan,0.4079,0.0000,0
56,1403715276.062143087,3.8942,3.8475,nan,-1,-1,-1,-1,-1,-1,nan,0.4042,0.0000,0
57,1403715276.112143278,3.9076,3.8903,nan,-1,-1,-1,-1,-1,-1,nan,0.4148,0.0000,0
58,1403715276.162142992,3.8264,3.8164,nan,-1,-1,-1,-1,-1,-1,nan,0.4154,0.0000,0
59,1403715276.212143183,3.9270,3.9204,nan,-1,-1,-1,-1,-1,-1,nan,0.4078,0.0000,0
60,1403715276.262143135,3.7971,3.7597,nan,-1,-1,-1,-1,-1,-1,nan,0.4042,0.0000,0
61,1403715276.312143087,3.8548,3.8265,nan,-1,-1,-1,-1,-1,-1,nan,0.4043,0.0000,0
62,1403715276.362143040,3.7314,3.7377,nan,-1,-1,-1,-1,-1,-1,nan,0.4164,0.0000,0
63,1403715276.412143230,3.8087,3.8106,nan,-1,-1,-1,-1,-1,-1,nan,0.4059,0.0000,0
64,1403715276.462142944,3.7560,3.7490,nan,-1,-1,-1,-1,-1,-1,nan,0.4137,0.0000,0
65,1403715276.512143135,3.7363,3.7399,nan,-1,-1,-1,-1,-1,-1,nan,0.4202,0.0000,0
66,1403715276.562143087,3.8526,3.8316,nan,-1,-1,-1,-1,-1,-1,nan,0.4423,0.0000,0
67,1403715276.612143278,3.8420,3.8218,nan,-1,-1,-1,-1,-1,-1,nan,0.4174,0.0000,0
68,1403715276.662142992,3.8246,3.8090,nan,-1,-1,-1,-1,-1,-1,nan,0.4120,0.0000,0
69,1403715276.712143183,3.8034,3.8012,nan,-1,-1,-1,-1,-1,-1,nan,0.4237,0.0000,0
70,1403715276.762143135,3.7661,3.7467,nan,-1,-1,-1,-1,-1,-1,nan,0.4248,0.0000,0
71,1403715276.812143087,3.8407,3.8383,nan,-1,-1,-1,-1,-1,-1,nan,0.4466,0.0000,0
72,1403715276.862143040,3.9353,3.9028,nan,-1,-1,-1,-1,-1,-1,nan,0.4455,0.0000,0
73,1403715276.912143230,3.8579,3.8492,nan,-1,-1,-1,-1,-1,-1,nan,0.4233,0.0000,0
74,1403715276.962142944,3.7829,3.7867,nan,-1,-1,-1,-1,-1,-1,nan,0.4268,0.0000,0
75,1403715277.012143135,3.8112,3.8033,nan,-1,-1,-1,-1,-1,-1,nan,0.4282,0.0000,0
76,1403715277.062143087,3.7274,3.7105,nan,-1,-1,-1,-1,-1,-1,nan,0.4254,0.0000,0
77,1403715277.112143278,3.8099,3.8132,nan,-1,-1,-1,-1,-1,-1,nan,0.4319,0.0000,0
78,1403715277.162142992,3.8836,3.8747,nan,-1,-1,-1,-1,-1,-1,nan,0.4260,0.0000,0
79,1403715277.212143183,3.7780,3.7762,nan,-1,-1,-1,-1,-1,-1,nan,0.4358,0.0000,0
80,1403715277.262143135,3.8981,3.8918,nan,-1,-1,-1,-1,-1,-1,nan,0.4312,0.0000,0
81,1403715277.312143087,3.7255,3.7266,nan,-1,-1,-1,-1,-1,-1,nan,0.4310,0.0000,0
82,1403715277.362143040,3.8147,3.8150,nan,-1,-1,-1,-1,-1,-1,nan,0.4405,0.0000,0
83,1403715277.412143230,3.8000,3.7891,nan,-1,-1,-1,-1,-1,-1,nan,0.4448,0.0000,0
84,1403715277.462142944,3.9229,3.9175,nan,-1,-1,-1,-1,-1,-1,nan,0.4518,0.0000,0
85,1403715277.512143135,3.8350,3.8323,nan,-1,-1,-1,-1,-1,-1,nan,0.4369,0.0000,0
86,1403715277.562143087,3.8919,3.8743,nan,-1,-1,-1,-1,-1,-1,nan,0.4399,0.0000,0
87,1403715277.612143278,3.9929,3.9516,nan,-1,-1,-1,-1,-1,-1,nan,0.4512,0.0000,0
88,1403715277.662142992,3.9098,3.8903,nan,-1,-1,-1,-1,-1,-1,nan,0.4708,0.0000,0
89,1403715277.712143183,3.7768,3.7807,nan,-1,-1,-1,-1,-1,-1,nan,0.4500,0.0000,0
90,1403715277.762143135,3.7854,3.7860,nan,-1,-1,-1,-1,-1,-1,nan,0.4540,0.0000,0
91,1403715277.812143087,3.7911,3.7883,nan,-1,-1,-1,-1,-1,-1,nan,0.4576,0.0000,0
92,1403715277.862143040,3.9250,3.9038,nan,-1,-1,-1,-1,-1,-1,nan,0.4478,0.0000,0
93,1403715277.912143230,4.0130,3.9865,nan,-1,-1,-1,-1,-1,-1,nan,0.4494,0.0000,0
94,1403715277.962142944,4.1473,4.1098,nan,-1,-1,-1,-1,-1,-1,nan,0.4653,0.0000,0
95,1403715278.012143135,3.9479,3.9169,nan,-1,-1,-1,-1,-1,-1,nan,0.4588,0.0000,0
96,1403715278.062143087,3.8948,3.8874,nan,-1,-1,-1,-1,-1,-1,nan,0.4552,0.0000,0
97,1403715278.112143278,4.1374,4.0971,nan,-1,-1,-1,-1,-1,-1,nan,0.4553,0.0000,0
98,1403715278.162142992,3.7537,3.7572,nan,-1,-1,-1,-1,-1,-1,nan,0.4546,0.0000,0
99,1403715278.212143183,4.1549,4.1050,nan,-1,-1,-1,-1,-1,-1,nan,0.4570,0.0000,0
100,1403715278.262143135,4.1799,4.1629,nan,-1,-1,-1,-1,-1,-1,nan,0.4615,0.0000,0
101,1403715278.312143087,4.0709,4.0376,nan,-1,-1,-1,-1,-1,-1,nan,0.4685,0.0000,0
102,1403715278.362143040,3.8559,3.8563,nan,-1,-1,-1,-1,-1,-1,nan,0.4562,0.0000,0
103,1403715278.412143230,3.9003,3.9007,nan,-1,-1,-1,-1,-1,-1,nan,0.4572,0.0000,0
104,1403715278.462142944,4.1249,4.0592,nan,-1,-1,-1,-1,-1,-1,nan,0.4588,0.0000,0
105,1403715278.512143135,4.2166,4.1593,nan,-1,-1,-1,-1,-1,-1,nan,0.4666,0.0000,0
106,1403715278.562143087,29.9180,25.7109,nan,-1,-1,-1,-1,-1,-1,nan,26.5884,0.0000,0
107,1403715278.612143278,6.4928,5.0908,nan,-1,-1,-1,-1,-1,-1,nan,2.2289,2.1576,1
108,1403715278.662142992,4.9091,4.8964,nan,-1,-1,-1,-1,-1,-1,nan,1.3392,1.2792,1
109,1403715278.712143183,4.9870,4.9580,nan,-1,-1,-1,-1,-1,-1,nan,1.4568,1.3925,1
110,1403715278.762143135,19.0360,19.0111,nan,-1,-1,-1,-1,-1,-1,nan,15.6534,15.5904,1
111,1403715278.812143087,4.2916,4.2526,nan,-1,-1,-1,-1,-1,-1,nan,0.7956,0.7365,1
112,1403715278.862143040,4.7634,4.7447,nan,-1,-1,-1,-1,-1,-1,nan,1.2672,1.2102,1
113,1403715278.912143230,5.3424,5.3405,nan,-1,-1,-1,-1,-1,-1,nan,1.9076,1.8537,1
114,1403715278.962142944,14.9297,14.9242,nan,-1,-1,-1,-1,-1,-1,nan,11.5142,11.4578,1
115,1403715279.012143135,4.1502,4.1448,nan,-1,-1,-1,-1,-1,-1,nan,0.7702,0.7128,1
116,1403715279.062143087,4.8062,4.7968,nan,-1,-1,-1,-1,-1,-1,nan,1.2233,1.1582,1
117,1403715279.112143278,5.5117,5.4605,nan,-1,-1,-1,-1,-1,-1,nan,1.8355,1.7650,1
118,1403715279.162142992,18.3838,18.3426,nan,-1,-1,-1,-1,-1,-1,nan,14.8850,14.8216,1
119,1403715279.212143183,4.2663,4.2551,nan,-1,-1,-1,-1,-1,-1,nan,0.8170,0.7504,1
120,1403715279.262143135,5.0676,4.9466,nan,-1,-1,-1,-1,-1,-1,nan,1.3533,1.2795,1
121,1403715279.312143087,5.0113,4.9961,nan,-1,-1,-1,-1,-1,-1,nan,1.6180,1.5582,1
122,1403715279.362143040,23.3826,23.3796,nan,-1,-1,-1,-1,-1,-1,nan,19.9661,19.9033,1
123,1403715279.412143230,4.1227,4.1259,nan,-1,-1,-1,-1,-1,-1,nan,0.8121,0.7490,1
124,1403715279.462142944,4.5140,4.5174,nan,-1,-1,-1,-1,-1,-1,nan,1.2475,1.1783,1
125,1403715279.512143135,5.2943,5.2387,nan,-1,-1,-1,-1,-1,-1,nan,1.5865,1.5122,1
126,1403715279.562143087,22.9438,22.9475,nan,-1,-1,-1,-1,-1,-1,nan,19.6397,19.5719,1
127,1403715279.612143278,4.1887,4.1828,nan,-1,-1,-1,-1,-1,-1,nan,0.7578,0.6847,1
128,1403715279.662142992,4.6363,4.5939,nan,-1,-1,-1,-1,-1,-1,nan,1.1066,1.0362,1
129,1403715279.712143183,5.4286,5.4227,nan,-1,-1,-1,-1,-1,-1,nan,1.8149,1.7327,1
130,1403715279.762143135,23.6999,23.6856,nan,-1,-1,-1,-1,-1,-1,nan,19.8536,19.7715,1
131,1403715279.812143087,4.8340,4.7988,nan,-1,-1,-1,-1,-1,-1,nan,1.0233,0.9359,1
132,1403715279.862143040,5.3923,5.3296,nan,-1,-1,-1,-1,-1,-1,nan,1.3760,1.2920,1
133,1403715279.912143230,5.2154,5.2193,nan,-1,-1,-1,-1,-1,-1,nan,1.7315,1.6580,1
134,1403715279.962142944,23.0216,23.0133,nan,-1,-1,-1,-1,-1,-1,nan,19.5108,19.4301,1
135,1403715280.012143135,4.4025,4.3978,nan,-1,-1,-1,-1,-1,-1,nan,0.8664,0.7901,1
136,1403715280.062143087,4.7643,4.7657,nan,-1,-1,-1,-1,-1,-1,nan,1.3083,1.2284,1
137,1403715280.112143278,5.2808,5.2846,nan,-1,-1,-1,-1,-1,-1,nan,1.7137,1.6381,1
138,1403715280.162142992,23.2617,23.2210,nan,-1,-1,-1,-1,-1,-1,nan,19.5677,19.4749,1
139,1403715280.212143183,4.4105,4.4109,nan,-1,-1,-1,-1,-1,-1,nan,0.8780,0.7968,1
140,1403715280.262143135,4.7151,4.7187,nan,-1,-1,-1,-1,-1,-1,nan,1.2700,1.2010,1
141,1403715280.312143087,5.4115,5.4152,nan,-1,-1,-1,-1,-1,-1,nan,1.9373,1.8596,1
142,1403715280.362143040,22.2085,22.1979,nan,-1,-1,-1,-1,-1,-1,nan,18.6376,18.5570,1
143,1403715280.412143230,4.2504,4.2540,nan,-1,-1,-1,-1,-1,-1,nan,0.8117,0.7428,1
144,1403715280.462142944,4.6449,4.6436,nan,-1,-1,-1,-1,-1,-1,nan,1.2335,1.1638,1
145,1403715280.512143135,5.2701,5.2623,nan,-1,-1,-1,-1,-1,-1,nan,1.8555,1.7870,1
146,1403715280.562143087,21.6214,21.6149,nan,-1,-1,-1,-1,-1,-1,nan,18.1562,18.0911,1
147,1403715280.612143278,4.0921,4.0732,nan,-1,-1,-1,-1,-1,-1,nan,0.6933,0.6176,1
148,1403715280.662142992,4.7366,4.6736,nan,-1,-1,-1,-1,-1,-1,nan,1.0402,0.9740,1
149,1403715280.712143183,4.8565,4.8097,nan,-1,-1,-1,-1,-1,-1,nan,1.3583,1.2958,1
150,1403715280.762143135,21.7139,21.7118,nan,-1,-1,-1,-1,-1,-1,nan,18.4120,18.3310,1
151,1403715280.812143087,3.8957,3.8994,nan,-1,-1,-1,-1,-1,-1,nan,0.6100,0.5454,1
152,1403715280.862143040,4.3175,4.3157,nan,-1,-1,-1,-1,-1,-1,nan,0.8780,0.8182,1
153,1403715280.912143230,4.4107,4.3936,nan,-1,-1,-1,-1,-1,-1,nan,1.1461,1.0875,1
154,1403715280.962142944,22.1317,22.1054,nan,-1,-1,-1,-1,-1,-1,nan,18.7799,18.7057,1
155,1403715281.012143135,3.7917,3.7956,nan,-1,-1,-1,-1,-1,-1,nan,0.5291,0.4655,1
156,1403715281.062143087,4.0669,4.0711,nan,-1,-1,-1,-1,-1,-1,nan,0.8830,0.8195,1
157,1403715281.112143278,4.3505,4.3473,nan,-1,-1,-1,-1,-1,-1,nan,1.2126,1.1437,1
158,1403715281.162142992,21.7553,21.7330,nan,-1,-1,-1,-1,-1,-1,nan,18.4255,18.3605,1
159,1403715281.212143183,3.8203,3.8153,nan,-1,-1,-1,-1,-1,-1,nan,0.6049,0.5350,1
160,1403715281.262143135,4.0828,4.0846,nan,-1,-1,-1,-1,-1,-1,nan,0.9580,0.8936,1
161,1403715281.312143087,4.3088,4.2971,nan,-1,-1,-1,-1,-1,-1,nan,1.1651,1.1063,1
162,1403715281.362143040,21.4582,21.4417,nan,-1,-1,-1,-1,-1,-1,nan,18.0975,18.0347,1
163,1403715281.412143230,3.8994,3.8739,nan,-1,-1,-1,-1,-1,-1,nan,0.6532,0.5865,1
164,1403715281.462142944,4.2870,4.2603,nan,-1,-1,-1,-1,-1,-1,nan,0.9383,0.8672,1
165,1403715281.512143135,4.4202,4.4108,nan,-1,-1,-1,-1,-1,-1,nan,1.2320,1.1299,1
166,1403715281.562143087,20.6513,20.6547,nan,-1,-1,-1,-1,-1,-1,nan,17.6475,17.5823,1
167,1403715281.612143278,3.6272,3.6285,nan,-1,-1,-1,-1,-1,-1,nan,0.5487,0.4796,1
168,1403715281.662142992,4.0227,4.0265,nan,-1,-1,-1,-1,-1,-1,nan,0.9004,0.8275,1
169,1403715281.712143183,4.4374,4.4193,nan,-1,-1,-1,-1,-1,-1,nan,1.1608,1.0887,1
170,1403715281.762143135,21.0036,20.9002,nan,-1,-1,-1,-1,-1,-1,nan,17.5275,17.4492,1
171,1403715281.812143087,3.9703,3.9594,nan,-1,-1,-1,-1,-1,-1,nan,0.5878,0.5115,1
172,1403715281.862143040,4.3612,4.3467,nan,-1,-1,-1,-1,-1,-1,nan,0.8399,0.7483,1
173,1403715281.912143230,4.3734,4.3553,nan,-1,-1,-1,-1,-1,-1,nan,1.1246,1.0496,1
174,1403715281.962142944,19.6026,19.5957,nan,-1,-1,-1,-1,-1,-1,nan,16.4303,16.3457,1
175,1403715282.012143135,4.0481,4.0222,nan,-1,-1,-1,-1,-1,-1,nan,0.5633,0.4856,1
176,1403715282.062143087,4.0132,4.0119,nan,-1,-1,-1,-1,-1,-1,nan,0.6980,0.6269,1
177,1403715282.112143278,4.1022,4.1036,nan,-1,-1,-1,-1,-1,-1,nan,0.9009,0.8177,1
178,1403715282.162142992,19.1624,19.1038,nan,-1,-1,-1,-1,-1,-1,nan,15.9068,15.8329,1
179,1403715282.212143183,3.9313,3.9140,nan,-1,-1,-1,-1,-1,-1,nan,0.5370,0.4560,1
180,1403715282.262143135,4.2967,4.2468,nan,-1,-1,-1,-1,-1,-1,nan,0.7189,0.6346,1
181,1403715282.312143087,4.4015,4.3993,nan,-1,-1,-1,-1,-1,-1,nan,0.9371,0.8412,1
182,1403715282.362143040,19.0049,18.9927,nan,-1,-1,-1,-1,-1,-1,nan,15.5810,15.5067,1
183,1403715282.412143230,4.4086,4.3642,nan,-1,-1,-1,-1,-1,-1,nan,0.5495,0.4616,1
184,1403715282.462142944,4.6292,4.6169,nan,-1,-1,-1,-1,-1,-1,nan,0.7104,0.6302,1
185,1403715282.512143135,4.4894,4.4278,nan,-1,-1,-1,-1,-1,-1,nan,0.8845,0.8033,1
186,1403715282.562143087,18.6758,18.6391,nan,-1,-1,-1,-1,-1,-1,nan,15.0927,15.0062,1
187,1403715282.612143278,4.3033,4.2664,nan,-1,-1,-1,-1,-1,-1,nan,0.5461,0.4669,1
188,1403715282.662142992,4.0355,4.0235,nan,-1,-1,-1,-1,-1,-1,nan,0.7267,0.6500,1
189,1403715282.712143183,4.6908,4.6386,nan,-1,-1,-1,-1,-1,-1,nan,0.9182,0.8300,1
190,1403715282.762143135,18.2348,18.1975,nan,-1,-1,-1,-1,-1,-1,nan,14.7082,14.6286,1
191,1403715282.812143087,4.1335,4.1311,nan,-1,-1,-1,-1,-1,-1,nan,0.5818,0.4866,1
192,1403715282.862143040,4.5160,4.4822,nan,-1,-1,-1,-1,-1,-1,nan,0.7624,0.6821,1
193,1403715282.912143230,4.5293,4.5308,nan,-1,-1,-1,-1,-1,-1,nan,0.9481,0.8650,1
194,1403715282.962142944,18.7554,18.7498,nan,-1,-1,-1,-1,-1,-1,nan,15.2417,15.1573,1
195,1403715283.012143135,4.1022,4.0677,nan,-1,-1,-1,-1,-1,-1,nan,0.5609,0.4815,1
196,1403715283.062143087,4.2950,4.2877,nan,-1,-1,-1,-1,-1,-1,nan,0.7707,0.6938,1
197,1403715283.112143278,4.3775,4.3735,nan,-1,-1,-1,-1,-1,-1,nan,0.9198,0.8405,1
198,1403715283.162142992,18.8349,18.8110,nan,-1,-1,-1,-1,-1,-1,nan,15.2185,15.1368,1
199,1403715283.212143183,3.9359,3.9426,nan,-1,-1,-1,-1,-1,-1,nan,0.5409,0.4616,1
200,1403715283.262143135,4.3475,4.2991,nan,-1,-1,-1,-1,-1,-1,nan,0.7597,0.6691,1
201,1403715283.312143087,4.5758,4.5528,nan,-1,-1,-1,-1,-1,-1,nan,0.8890,0.8116,1
202,1403715283.362143040,18.4238,18.3170,nan,-1,-1,-1,-1,-1,-1,nan,14.7927,14.7175,1
203,1403715283.412143230,3.9708,3.9748,nan,-1,-1,-1,-1,-1,-1,nan,0.5094,0.4297,1
204,1403715283.462142944,4.1778,4.1759,nan,-1,-1,-1,-1,-1,-1,nan,0.6983,0.6224,1
205,1403715283.512143135,4.4339,4.4103,nan,-1,-1,-1,-1,-1,-1,nan,0.8475,0.7740,1
206,1403715283.562143087,18.1355,18.1190,nan,-1,-1,-1,-1,-1,-1,nan,14.5572,14.4827,1
207,1403715283.612143278,3.8273,3.8333,nan,-1,-1,-1,-1,-1,-1,nan,0.4705,0.3938,1
208,1403715283.662142992,4.1978,4.1917,nan,-1,-1,-1,-1,-1,-1,nan,0.6324,0.5595,1
209,1403715283.712143183,4.6343,4.6041,nan,-1,-1,-1,-1,-1,-1,nan,0.8404,0.7696,1
210,1403715283.762143135,17.9252,17.9293,nan,-1,-1,-1,-1,-1,-1,nan,14.3768,14.2978,1
211,1403715283.812143087,4.1026,4.0812,nan,-1,-1,-1,-1,-1,-1,nan,0.4864,0.4034,1
212,1403715283.862143040,4.4299,4.4214,nan,-1,-1,-1,-1,-1,-1,nan,0.6767,0.5967,1
213,1403715283.912143230,4.3970,4.3875,nan,-1,-1,-1,-1,-1,-1,nan,0.8402,0.7615,1
214,1403715283.962142944,17.9848,17.9815,nan,-1,-1,-1,-1,-1,-1,nan,14.4902,14.4092,1
215,1403715284.012143135,4.1949,4.1727,nan,-1,-1,-1,-1,-1,-1,nan,0.5181,0.4260,1
216,1403715284.062143087,4.1423,4.1459,nan,-1,-1,-1,-1,-1,-1,nan,0.6767,0.5967,1
217,1403715284.112143278,4.5035,4.5011,nan,-1,-1,-1,-1,-1,-1,nan,1.0519,0.9703,1
218,1403715284.162142992,17.5645,17.5682,nan,-1,-1,-1,-1,-1,-1,nan,14.0880,14.0062,1
219,1403715284.212143183,3.9938,3.9868,nan,-1,-1,-1,-1,-1,-1,nan,0.4755,0.3941,1
220,1403715284.262143135,4.0912,4.0953,nan,-1,-1,-1,-1,-1,-1,nan,0.6959,0.6128,1
221,1403715284.312143087,4.5189,4.5122,nan,-1,-1,-1,-1,-1,-1,nan,0.9887,0.9090,1
222,1403715284.362143040,17.4499,17.4538,nan,-1,-1,-1,-1,-1,-1,nan,14.1035,14.0263,1
223,1403715284.412143230,4.0605,4.0508,nan,-1,-1,-1,-1,-1,-1,nan,0.4710,0.3771,1
224,1403715284.462142944,4.1781,4.1797,nan,-1,-1,-1,-1,-1,-1,nan,0.6832,0.6035,1
225,1403715284.512143135,4.2452,4.2452,nan,-1,-1,-1,-1,-1,-1,nan,0.8419,0.7656,1
226,1403715284.562143087,17.5231,17.5222,nan,-1,-1,-1,-1,-1,-1,nan,14.0490,13.9720,1
227,1403715284.612143278,3.9900,3.9832,nan,-1,-1,-1,-1,-1,-1,nan,0.4617,0.3809,1
228,1403715284.662142992,4.2055,4.2060,nan,-1,-1,-1,-1,-1,-1,nan,0.6618,0.5868,1
229,1403715284.712143183,4.4216,4.4013,nan,-1,-1,-1,-1,-1,-1,nan,0.8558,0.7768,1
230,1403715284.762143135,17.6360,17.6107,nan,-1,-1,-1,-1,-1,-1,nan,14.0439,13.9664,1
231,1403715284.812143087,3.9650,3.9687,nan,-1,-1,-1,-1,-1,-1,nan,0.4990,0.4213,1
232,1403715284.862143040,4.1184,4.1220,nan,-1,-1,-1,-1,-1,-1,nan,0.6658,0.5947,1
233,1403715284.912143230,4.6245,4.6088,nan,-1,-1,-1,-1,-1,-1,nan,0.9834,0.9006,1
234,1403715284.962142944,17.7335,17.7345,nan,-1,-1,-1,-1,-1,-1,nan,14.2793,14.2037,1
235,1403715285.012143135,4.1830,4.0858,nan,-1,-1,-1,-1,-1,-1,nan,0.4843,0.4046,1
236,1403715285.062143087,4.0509,4.0545,nan,-1,-1,-1,-1,-1,-1,nan,0.6871,0.6041,1
237,1403715285.112143278,4.5067,4.3797,nan,-1,-1,-1,-1,-1,-1,nan,0.8763,0.7941,1
238,1403715285.162142992,17.8534,17.8507,nan,-1,-1,-1,-1,-1,-1,nan,14.3958,14.3192,1
239,1403715285.212143183,4.2564,4.2377,nan,-1,-1,-1,-1,-1,-1,nan,0.4830,0.3996,1
240,1403715285.262143135,4.1599,4.1638,nan,-1,-1,-1,-1,-1,-1,nan,0.6862,0.6002,1
241,1403715285.312143087,4.7013,4.6982,nan,-1,-1,-1,-1,-1,-1,nan,1.0586,0.9561,1
242,1403715285.362143040,18.3954,18.3992,nan,-1,-1,-1,-1,-1,-1,nan,14.7185,14.6367,1
243,1403715285.412143230,4.0787,4.0826,nan,-1,-1,-1,-1,-1,-1,nan,0.5122,0.4348,1
244,1403715285.462142944,4.2602,4.2677,nan,-1,-1,-1,-1,-1,-1,nan,0.7204,0.6392,1
245,1403715285.512143135,4.6338,4.6356,nan,-1,-1,-1,-1,-1,-1,nan,1.0195,0.9412,1
246,1403715285.562143087,18.4047,18.4082,nan,-1,-1,-1,-1,-1,-1,nan,14.7728,14.6939,1
247,1403715285.612143278,4.2884,4.2835,nan,-1,-1,-1,-1,-1,-1,nan,0.5366,0.4548,1
248,1403715285.662142992,4.4529,4.4470,nan,-1,-1,-1,-1,-1,-1,nan,0.7467,0.6681,1
249,1403715285.712143183,4.5643,4.5686,nan,-1,-1,-1,-1,-1,-1,nan,0.9540,0.8738,1
250,1403715285.762143135,19.0858,19.0784,nan,-1,-1,-1,-1,-1,-1,nan,15.4578,15.3732,1
251,1403715285.812143087,4.0307,4.0310,nan,-1,-1,-1,-1,-1,-1,nan,0.5532,0.4751,1
252,1403715285.862143040,4.1933,4.1900,nan,-1,-1,-1,-1,-1,-1,nan,0.7273,0.6574,1
253,1403715285.912143230,4.6612,4.6458,nan,-1,-1,-1,-1,-1,-1,nan,1.1240,1.0466,1
254,1403715285.962142944,19.8032,19.7811,nan,-1,-1,-1,-1,-1,-1,nan,16.0713,15.9267,1
255,1403715286.012143135,3.9794,3.9753,nan,-1,-1,-1,-1,-1,-1,nan,0.5365,0.4530,1
256,1403715286.062143087,4.2159,4.2200,nan,-1,-1,-1,-1,-1,-1,nan,0.7297,0.6538,1
257,1403715286.112143278,4.4259,4.4232,nan,-1,-1,-1,-1,-1,-1,nan,0.9253,0.8479,1
258,1403715286.162142992,19.3489,19.3450,nan,-1,-1,-1,-1,-1,-1,nan,15.7664,15.6845,1
259,1403715286.212143183,4.1944,4.1878,nan,-1,-1,-1,-1,-1,-1,nan,0.5639,0.4854,1
260,1403715286.262143135,4.3296,4.3276,nan,-1,-1,-1,-1,-1,-1,nan,0.7775,0.6871,1
261,1403715286.312143087,4.5795,4.5750,nan,-1,-1,-1,-1,-1,-1,nan,1.1254,1.0495,1
262,1403715286.362143040,19.1392,19.1344,nan,-1,-1,-1,-1,-1,-1,nan,15.7018,15.6346,1
263,1403715286.412143230,4.0834,4.0679,nan,-1,-1,-1,-1,-1,-1,nan,0.5527,0.4836,1
264,1403715286.462142944,4.4921,4.4838,nan,-1,-1,-1,-1,-1,-1,nan,0.8542,0.7885,1
265,1403715286.512143135,4.4627,4.4664,nan,-1,-1,-1,-1,-1,-1,nan,1.1125,1.0446,1
266,1403715286.562143087,19.0899,19.0830,nan,-1,-1,-1,-1,-1,-1,nan,15.6253,15.5620,1
267,1403715286.612143278,3.8460,3.8502,nan,-1,-1,-1,-1,-1,-1,nan,0.5483,0.4822,1
268,1403715286.662142992,4.1295,4.1331,nan,-1,-1,-1,-1,-1,-1,nan,0.7975,0.7400,1
269,1403715286.712143183,4.2943,4.2979,nan,-1,-1,-1,-1,-1,-1,nan,1.0165,0.9556,1
270,1403715286.762143135,18.6198,18.6233,nan,-1,-1,-1,-1,-1,-1,nan,15.2375,15.1767,1
271,1403715286.812143087,3.8881,3.8703,nan,-1,-1,-1,-1,-1,-1,nan,0.4779,0.4195,1
272,1403715286.862143040,4.1499,4.1360,nan,-1,-1,-1,-1,-1,-1,nan,0.7571,0.6840,1
273,1403715286.912143230,4.3545,4.3355,nan,-1,-1,-1,-1,-1,-1,nan,0.9304,0.8727,1
274,1403715286.962142944,18.4979,18.4828,nan,-1,-1,-1,-1,-1,-1,nan,15.0710,14.9939,1
275,1403715287.012143135,4.0279,4.0163,nan,-1,-1,-1,-1,-1,-1,nan,0.5571,0.4893,1
276,1403715287.062143087,4.0950,4.0924,nan,-1,-1,-1,-1,-1,-1,nan,0.8063,0.7407,1
277,1403715287.112143278,5.1242,5.1042,nan,-1,-1,-1,-1,-1,-1,nan,1.2412,1.1225,1
278,1403715287.162142992,18.3352,18.3230,nan,-1,-1,-1,-1,-1,-1,nan,14.8855,14.8226,1
279,1403715287.212143183,3.9092,3.9087,nan,-1,-1,-1,-1,-1,-1,nan,0.5329,0.4727,1
280,1403715287.262143135,4.1175,4.1218,nan,-1,-1,-1,-1,-1,-1,nan,0.8113,0.7461,1
281,1403715287.312143087,4.4366,4.4161,nan,-1,-1,-1,-1,-1,-1,nan,0.9955,0.9260,1
282,1403715287.362143040,17.9022,17.9067,nan,-1,-1,-1,-1,-1,-1,nan,14.6164,14.5428,1
283,1403715287.412143230,3.9689,3.9087,nan,-1,-1,-1,-1,-1,-1,nan,0.4855,0.4210,1
284,1403715287.462142944,4.1178,4.0977,nan,-1,-1,-1,-1,-1,-1,nan,0.7100,0.6559,1
285,1403715287.512143135,4.1438,4.1414,nan,-1,-1,-1,-1,-1,-1,nan,0.9255,0.8646,1
286,1403715287.562143087,17.4475,17.4517,nan,-1,-1,-1,-1,-1,-1,nan,14.2753,14.2190,1
287,1403715287.612143278,3.6994,3.7008,nan,-1,-1,-1,-1,-1,-1,nan,0.4571,0.3986,1
288,1403715287.662142992,3.8890,3.8900,nan,-1,-1,-1,-1,-1,-1,nan,0.6283,0.5747,1
289,1403715287.712143183,4.2059,4.1813,nan,-1,-1,-1,-1,-1,-1,nan,0.8039,0.7483,1
290,1403715287.762143135,17.4076,17.4003,nan,-1,-1,-1,-1,-1,-1,nan,14.0492,13.9848,1
291,1403715287.812143087,3.7360,3.7293,nan,-1,-1,-1,-1,-1,-1,nan,0.4860,0.4232,1
292,1403715287.862143040,3.9965,3.9798,nan,-1,-1,-1,-1,-1,-1,nan,0.6415,0.5812,1
293,1403715287.912143230,4.1055,4.0992,nan,-1,-1,-1,-1,-1,-1,nan,0.8202,0.7517,1
294,1403715287.962142944,17.3307,17.3156,nan,-1,-1,-1,-1,-1,-1,nan,14.0338,13.9734,1
295,1403715288.012143135,3.7587,3.7582,nan,-1,-1,-1,-1,-1,-1,nan,0.4849,0.4191,1
296,1403715288.062143087,3.8105,3.8145,nan,-1,-1,-1,-1,-1,-1,nan,0.6305,0.5620,1
297,1403715288.112143278,4.0571,4.0609,nan,-1,-1,-1,-1,-1,-1,nan,0.7996,0.7381,1
298,1403715288.162142992,17.4658,17.4693,nan,-1,-1,-1,-1,-1,-1,nan,14.2491,14.1890,1
299,1403715288.212143183,4.0606,4.0318,nan,-1,-1,-1,-1,-1,-1,nan,0.4805,0.4165,1
300,1403715288.262143135,4.2213,4.1675,nan,-1,-1,-1,-1,-1,-1,nan,0.8469,0.7788,1
301,1403715288.312143087,4.5533,4.5365,nan,-1,-1,-1,-1,-1,-1,nan,1.0343,0.9728,1
302,1403715288.362143040,17.5364,17.5302,nan,-1,-1,-1,-1,-1,-1,nan,14.0845,14.0177,1
303,1403715288.412143230,3.8446,3.8278,nan,-1,-1,-1,-1,-1,-1,nan,0.4983,0.4330,1
304,1403715288.462142944,4.3244,4.2929,nan,-1,-1,-1,-1,-1,-1,nan,0.6975,0.6285,1
305,1403715288.512143135,4.3077,4.3120,nan,-1,-1,-1,-1,-1,-1,nan,1.0220,0.9563,1
306,1403715288.562143087,17.7618,17.7124,nan,-1,-1,-1,-1,-1,-1,nan,14.1505,14.0835,1
307,1403715288.612143278,3.7870,3.7905,nan,-1,-1,-1,-1,-1,-1,nan,0.5147,0.4468,1
308,1403715288.662142992,4.0117,4.0136,nan,-1,-1,-1,-1,-1,-1,nan,0.6899,0.6280,1
309,1403715288.712143183,4.3280,4.3320,nan,-1,-1,-1,-1,-1,-1,nan,1.0359,0.9717,1
310,1403715288.762143135,17.6280,17.6095,nan,-1,-1,-1,-1,-1,-1,nan,14.0470,13.9837,1
311,1403715288.812143087,4.4534,4.2550,nan,-1,-1,-1,-1,-1,-1,nan,0.5040,0.4377,1
312,1403715288.862143040,4.0689,4.0510,nan,-1,-1,-1,-1,-1,-1,nan,0.7012,0.6378,1
313,1403715288.912143230,4.2976,4.2937,nan,-1,-1,-1,-1,-1,-1,nan,0.9308,0.8593,1
314,1403715288.962142944,17.8330,17.7995,nan,-1,-1,-1,-1,-1,-1,nan,14.2187,14.1361,1
315,1403715289.012143135,3.8699,3.8602,nan,-1,-1,-1,-1,-1,-1,nan,0.4977,0.4311,1
316,1403715289.062143087,4.0235,4.0227,nan,-1,-1,-1,-1,-1,-1,nan,0.7230,0.6554,1
317,1403715289.112143278,4.2326,4.2321,nan,-1,-1,-1,-1,-1,-1,nan,0.8910,0.8269,1
318,1403715289.162142992,17.9017,17.8898,nan,-1,-1,-1,-1,-1,-1,nan,14.2902,14.2206,1
319,1403715289.212143183,4.1270,4.1254,nan,-1,-1,-1,-1,-1,-1,nan,0.5250,0.4508,1
320,1403715289.262143135,4.6861,4.6690,nan,-1,-1,-1,-1,-1,-1,nan,0.7408,0.6615,1
321,1403715289.312143087,4.3874,4.3915,nan,-1,-1,-1,-1,-1,-1,nan,0.9226,0.8541,1
322,1403715289.362143040,18.0861,18.0803,nan,-1,-1,-1,-1,-1,-1,nan,14.6559,14.5794,1
323,1403715289.412143230,4.1177,4.1105,nan,-1,-1,-1,-1,-1,-1,nan,0.5218,0.4499,1
324,1403715289.462142944,4.4930,4.4920,nan,-1,-1,-1,-1,-1,-1,nan,0.6898,0.6252,1
325,1403715289.512143135,4.4647,4.4579,nan,-1,-1,-1,-1,-1,-1,nan,1.0156,0.9488,1
326,1403715289.562143087,17.9793,17.9797,nan,-1,-1,-1,-1,-1,-1,nan,14.5753,14.5095,1
327,1403715289.612143278,3.9410,3.9273,nan,-1,-1,-1,-1,-1,-1,nan,0.4815,0.4041,1
328,1403715289.662142992,4.0435,4.0327,nan,-1,-1,-1,-1,-1,-1,nan,0.6360,0.5738,1
329,1403715289.712143183,4.2050,4.2045,nan,-1,-1,-1,-1,-1,-1,nan,0.8418,0.7795,1
330,1403715289.762143135,17.8288,17.8326,nan,-1,-1,-1,-1,-1,-1,nan,14.4969,14.4377,1
331,1403715289.812143087,4.1006,4.0296,nan,-1,-1,-1,-1,-1,-1,nan,0.4765,0.4079,1
332,1403715289.862143040,4.0728,4.0692,nan,-1,-1,-1,-1,-1,-1,nan,0.6734,0.6070,1
333,1403715289.912143230,4.4262,4.4135,nan,-1,-1,-1,-1,-1,-1,nan,0.9637,0.9039,1
334,1403715289.962142944,19.0825,19.0828,nan,-1,-1,-1,-1,-1,-1,nan,15.6186,15.5488,1
335,1403715290.012143135,4.1436,4.1339,nan,-1,-1,-1,-1,-1,-1,nan,0.5380,0.4605,1
336,1403715290.062143087,4.4353,4.3956,nan,-1,-1,-1,-1,-1,-1,nan,0.7611,0.6834,1
337,1403715290.112143278,4.5021,4.5087,nan,-1,-1,-1,-1,-1,-1,nan,1.1165,1.0445,1
338,1403715290.162142992,19.2965,19.2772,nan,-1,-1,-1,-1,-1,-1,nan,15.7995,15.7368,1
339,1403715290.212143183,4.0596,4.0535,nan,-1,-1,-1,-1,-1,-1,nan,0.5426,0.4677,1
340,1403715290.262143135,4.2494,4.2277,nan,-1,-1,-1,-1,-1,-1,nan,0.7260,0.6592,1
341,1403715290.312143087,4.6254,4.5956,nan,-1,-1,-1,-1,-1,-1,nan,0.9625,0.8962,1
342,1403715290.362143040,53.3245,53.3127,nan,-1,-1,-1,-1,-1,-1,nan,49.5534,49.4896,1
343,1403715290.412143230,4.2014,4.1538,nan,-1,-1,-1,-1,-1,-1,nan,0.6124,0.5352,1
344,1403715290.462142944,4.5512,4.5237,nan,-1,-1,-1,-1,-1,-1,nan,0.8434,0.7720,1
345,1403715290.512143135,4.5960,4.5920,nan,-1,-1,-1,-1,-1,-1,nan,1.0903,1.0213,1
346,1403715290.562143087,19.6489,19.6501,nan,-1,-1,-1,-1,-1,-1,nan,15.9309,15.8593,1
347,1403715290.612143278,4.0858,4.0852,nan,-1,-1,-1,-1,-1,-1,nan,0.6111,0.5399,1
348,1403715290.662142992,4.4705,4.4639,nan,-1,-1,-1,-1,-1,-1,nan,0.9272,0.8585,1
349,1403715290.712143183,4.7271,4.7108,nan,-1,-1,-1,-1,-1,-1,nan,1.1870,1.1198,1
350,1403715290.762143135,19.9240,19.8450,nan,-1,-1,-1,-1,-1,-1,nan,15.9354,15.8592,1
351,1403715290.812143087,4.2482,4.2446,nan,-1,-1,-1,-1,-1,-1,nan,0.6293,0.5530,1
352,1403715290.862143040,4.7234,4.6440,nan,-1,-1,-1,-1,-1,-1,nan,0.9627,0.8809,1
353,1403715290.912143230,4.8875,4.8833,nan,-1,-1,-1,-1,-1,-1,nan,1.2547,1.1762,1
354,1403715290.962142944,19.5411,19.5275,nan,-1,-1,-1,-1,-1,-1,nan,16.0346,15.9645,1
355,1403715291.012143135,4.2992,4.2986,nan,-1,-1,-1,-1,-1,-1,nan,0.6407,0.5654,1
356,1403715291.062143087,4.7453,4.7017,nan,-1,-1,-1,-1,-1,-1,nan,0.8830,0.8062,1
357,1403715291.112143278,4.9030,4.8850,nan,-1,-1,-1,-1,-1,-1,nan,1.1638,1.0855,1
358,1403715291.162142992,19.1283,19.1291,nan,-1,-1,-1,-1,-1,-1,nan,15.6456,15.5744,1
359,1403715291.212143183,4.2124,4.1902,nan,-1,-1,-1,-1,-1,-1,nan,0.5561,0.4787,1
360,1403715291.262143135,4.6501,4.6181,nan,-1,-1,-1,-1,-1,-1,nan,0.7861,0.7095,1
361,1403715291.312143087,5.0449,4.9962,nan,-1,-1,-1,-1,-1,-1,nan,1.1600,1.0784,1
362,1403715291.362143040,18.9092,18.8702,nan,-1,-1,-1,-1,-1,-1,nan,15.1613,15.0885,1
363,1403715291.412143230,4.1056,4.1043,nan,-1,-1,-1,-1,-1,-1,nan,0.5740,0.5029,1
364,1403715291.462142944,4.2248,4.2126,nan,-1,-1,-1,-1,-1,-1,nan,0.7530,0.6870,1
365,1403715291.512143135,4.2900,4.2936,nan,-1,-1,-1,-1,-1,-1,nan,0.9594,0.8963,1
366,1403715291.562143087,18.6705,18.6741,nan,-1,-1,-1,-1,-1,-1,nan,15.2919,15.2284,1
367,1403715291.612143278,4.1978,4.1516,nan,-1,-1,-1,-1,-1,-1,nan,0.5358,0.4702,1
368,1403715291.662142992,4.7026,4.5677,nan,-1,-1,-1,-1,-1,-1,nan,0.7089,0.6460,1
369,1403715291.712143183,4.7309,4.6957,nan,-1,-1,-1,-1,-1,-1,nan,1.0506,0.9902,1
370,1403715291.762143135,18.6779,18.6749,nan,-1,-1,-1,-1,-1,-1,nan,15.2910,15.2312,1
371,1403715291.812143087,4.2711,4.1784,nan,-1,-1,-1,-1,-1,-1,nan,0.5453,0.4790,1
372,1403715291.862143040,4.0173,4.0211,nan,-1,-1,-1,-1,-1,-1,nan,0.7262,0.6661,1
373,1403715291.912143230,4.2621,4.2615,nan,-1,-1,-1,-1,-1,-1,nan,0.9066,0.8498,1
374,1403715291.962142944,18.8509,18.8500,nan,-1,-1,-1,-1,-1,-1,nan,15.4765,15.4103,1
375,1403715292.012143135,3.8086,3.8120,nan,-1,-1,-1,-1,-1,-1,nan,0.4886,0.4283,1
376,1403715292.062143087,4.1213,4.1250,nan,-1,-1,-1,-1,-1,-1,nan,0.7014,0.6376,1
377,1403715292.112143278,4.2163,4.2200,nan,-1,-1,-1,-1,-1,-1,nan,0.9994,0.9422,1
378,1403715292.162142992,18.3870,18.3752,nan,-1,-1,-1,-1,-1,-1,nan,15.0381,14.9797,1
379,1403715292.212143183,3.8515,3.8398,nan,-1,-1,-1,-1,-1,-1,nan,0.4793,0.4200,1
380,1403715292.262143135,3.9761,3.9614,nan,-1,-1,-1,-1,-1,-1,nan,0.6481,0.5900,1
381,1403715292.312143087,4.1648,4.1683,nan,-1,-1,-1,-1,-1,-1,nan,0.9851,0.9274,1
382,1403715292.362143040,18.3864,18.3902,nan,-1,-1,-1,-1,-1,-1,nan,15.1188,15.0626,1
383,1403715292.412143230,3.7935,3.7836,nan,-1,-1,-1,-1,-1,-1,nan,0.5042,0.4423,1
384,1403715292.462142944,3.9476,3.9382,nan,-1,-1,-1,-1,-1,-1,nan,0.6811,0.6219,1
385,1403715292.512143135,4.3186,4.2998,nan,-1,-1,-1,-1,-1,-1,nan,1.0246,0.9600,1
386,1403715292.562143087,18.2413,18.2246,nan,-1,-1,-1,-1,-1,-1,nan,14.8912,14.8328,1
387,1403715292.612143278,3.7123,3.7059,nan,-1,-1,-1,-1,-1,-1,nan,0.4828,0.4186,1
388,1403715292.662142992,3.9883,3.9837,nan,-1,-1,-1,-1,-1,-1,nan,0.6276,0.5698,1
389,1403715292.712143183,4.2723,4.2649,nan,-1,-1,-1,-1,-1,-1,nan,0.9515,0.8917,1
390,1403715292.762143135,18.1360,18.1395,nan,-1,-1,-1,-1,-1,-1,nan,14.8854,14.8273,1
391,1403715292.812143087,3.9370,3.9235,nan,-1,-1,-1,-1,-1,-1,nan,0.4678,0.4089,1
392,1403715292.862143040,4.4280,4.3920,nan,-1,-1,-1,-1,-1,-1,nan,0.6704,0.6059,1
393,1403715292.912143230,4.0535,4.0578,nan,-1,-1,-1,-1,-1,-1,nan,0.7785,0.7213,1
394,1403715292.962142944,18.0328,18.0374,nan,-1,-1,-1,-1,-1,-1,nan,14.7305,14.6717,1
395,1403715293.012143135,3.8273,3.8250,nan,-1,-1,-1,-1,-1,-1,nan,0.4773,0.4196,1
396,1403715293.062143087,3.9325,3.9361,nan,-1,-1,-1,-1,-1,-1,nan,0.6369,0.5796,1
397,1403715293.112143278,4.3566,4.3211,nan,-1,-1,-1,-1,-1,-1,nan,0.7810,0.7265,1
398,1403715293.162142992,17.6880,17.6918,nan,-1,-1,-1,-1,-1,-1,nan,14.3975,14.3422,1
399,1403715293.212143183,3.9129,3.9007,nan,-1,-1,-1,-1,-1,-1,nan,0.4849,0.4215,1
400,1403715293.262143135,3.9967,3.9998,nan,-1,-1,-1,-1,-1,-1,nan,0.6360,0.5738,1
401,1403715293.312143087,4.1342,4.1320,nan,-1,-1,-1,-1,-1,-1,nan,0.7523,0.6953,1
402,1403715293.362143040,17.4269,17.4306,nan,-1,-1,-1,-1,-1,-1,nan,14.0680,14.0125,1
403,1403715293.412143230,3.8066,3.8056,nan,-1,-1,-1,-1,-1,-1,nan,0.4415,0.3853,1
404,1403715293.462142944,3.9135,3.9172,nan,-1,-1,-1,-1,-1,-1,nan,0.5709,0.5174,1
405,1403715293.512143135,4.1196,4.1187,nan,-1,-1,-1,-1,-1,-1,nan,0.7048,0.6516,1
406,1403715293.562143087,17.5226,17.5035,nan,-1,-1,-1,-1,-1,-1,nan,14.0298,13.9783,1
407,1403715293.612143278,3.8546,3.8397,nan,-1,-1,-1,-1,-1,-1,nan,0.4239,0.3713,1
408,1403715293.662142992,4.2338,4.2098,nan,-1,-1,-1,-1,-1,-1,nan,0.6116,0.5507,1
409,1403715293.712143183,4.1124,4.1139,nan,-1,-1,-1,-1,-1,-1,nan,0.7214,0.6665,1
410,1403715293.762143135,17.4593,17.4258,nan,-1,-1,-1,-1,-1,-1,nan,13.8073,13.7512,1
411,1403715293.812143087,3.8961,3.8998,nan,-1,-1,-1,-1,-1,-1,nan,0.4661,0.4030,1
412,1403715293.862143040,4.0417,4.0372,nan,-1,-1,-1,-1,-1,-1,nan,0.5961,0.5365,1
413,1403715293.912143230,4.2061,4.2013,nan,-1,-1,-1,-1,-1,-1,nan,0.7335,0.6796,1
414,1403715293.962142944,16.9471,16.9508,nan,-1,-1,-1,-1,-1,-1,nan,13.5221,13.4639,1
415,1403715294.012143135,3.9640,3.9641,nan,-1,-1,-1,-1,-1,-1,nan,0.4653,0.4069,1
416,1403715294.062143087,4.0482,4.0457,nan,-1,-1,-1,-1,-1,-1,nan,0.5945,0.5396,1
417,1403715294.112143278,4.3299,4.3148,nan,-1,-1,-1,-1,-1,-1,nan,0.7449,0.6755,1
418,1403715294.162142992,16.4973,16.4984,nan,-1,-1,-1,-1,-1,-1,nan,13.0976,13.0397,1
419,1403715294.212143183,3.8583,3.8590,nan,-1,-1,-1,-1,-1,-1,nan,0.4327,0.3767,1
420,1403715294.262143135,4.1381,4.1272,nan,-1,-1,-1,-1,-1,-1,nan,0.6024,0.5391,1
421,1403715294.312143087,4.1641,4.1675,nan,-1,-1,-1,-1,-1,-1,nan,0.7078,0.6502,1
422,1403715294.362143040,16.2120,16.2156,nan,-1,-1,-1,-1,-1,-1,nan,12.8386,12.7831,1
423,1403715294.412143230,4.0928,4.0560,nan,-1,-1,-1,-1,-1,-1,nan,0.4465,0.3740,1
424,1403715294.462142944,4.0185,4.0099,nan,-1,-1,-1,-1,-1,-1,nan,0.5633,0.5059,1
425,1403715294.512143135,4.2530,4.2164,nan,-1,-1,-1,-1,-1,-1,nan,0.6700,0.6147,1
426,1403715294.562143087,16.0512,16.0550,nan,-1,-1,-1,-1,-1,-1,nan,12.6733,12.6187,1
427,1403715294.612143278,3.8690,3.8552,nan,-1,-1,-1,-1,-1,-1,nan,0.3911,0.3343,1
428,1403715294.662142992,3.9490,3.9419,nan,-1,-1,-1,-1,-1,-1,nan,0.5426,0.4871,1
429,1403715294.712143183,4.0550,4.0495,nan,-1,-1,-1,-1,-1,-1,nan,0.6681,0.6142,1
430,1403715294.762143135,16.1173,16.1161,nan,-1,-1,-1,-1,-1,-1,nan,12.7690,12.7067,1
431,1403715294.812143087,3.7947,3.7988,nan,-1,-1,-1,-1,-1,-1,nan,0.4158,0.3579,1
432,1403715294.862143040,3.9336,3.9248,nan,-1,-1,-1,-1,-1,-1,nan,0.5632,0.5013,1
433,1403715294.912143230,3.9841,3.9737,nan,-1,-1,-1,-1,-1,-1,nan,0.6945,0.6410,1
434,1403715294.962142944,16.1528,16.1566,nan,-1,-1,-1,-1,-1,-1,nan,12.8357,12.7772,1
435,1403715295.012143135,4.2305,4.2313,nan,-1,-1,-1,-1,-1,-1,nan,0.4235,0.3690,1
436,1403715295.062143087,3.7768,3.7803,nan,-1,-1,-1,-1,-1,-1,nan,0.5626,0.5099,1
437,1403715295.112143278,4.0329,4.0115,nan,-1,-1,-1,-1,-1,-1,nan,0.7274,0.6738,1
438,1403715295.162142992,16.0748,16.0787,nan,-1,-1,-1,-1,-1,-1,nan,12.9719,12.9195,1
439,1403715295.212143183,3.6997,3.6503,nan,-1,-1,-1,-1,-1,-1,nan,0.4295,0.3751,1
440,1403715295.262143135,4.0353,4.0002,nan,-1,-1,-1,-1,-1,-1,nan,0.5803,0.5267,1
441,1403715295.312143087,4.0514,4.0382,nan,-1,-1,-1,-1,-1,-1,nan,0.7737,0.7113,1
442,1403715295.362143040,17.0792,17.0766,nan,-1,-1,-1,-1,-1,-1,nan,13.8689,13.8140,1
443,1403715295.412143230,3.6150,3.5131,nan,-1,-1,-1,-1,-1,-1,nan,0.4380,0.3804,1
444,1403715295.462142944,3.7505,3.7442,nan,-1,-1,-1,-1,-1,-1,nan,0.5737,0.5179,1
445,1403715295.512143135,3.8276,3.8273,nan,-1,-1,-1,-1,-1,-1,nan,0.6866,0.6338,1
446,1403715295.562143087,17.2310,17.1582,nan,-1,-1,-1,-1,-1,-1,nan,13.8022,13.7442,1
447,1403715295.612143278,3.5636,3.5653,nan,-1,-1,-1,-1,-1,-1,nan,0.4127,0.3565,1
448,1403715295.662142992,3.7180,3.7060,nan,-1,-1,-1,-1,-1,-1,nan,0.5494,0.4956,1
449,1403715295.712143183,3.8013,3.8051,nan,-1,-1,-1,-1,-1,-1,nan,0.7293,0.6679,1
450,1403715295.762143135,17.1156,17.1128,nan,-1,-1,-1,-1,-1,-1,nan,13.8849,13.8183,1
451,1403715295.812143087,3.8226,3.8181,nan,-1,-1,-1,-1,-1,-1,nan,0.4647,0.3972,1
452,1403715295.862143040,3.8447,3.8484,nan,-1,-1,-1,-1,-1,-1,nan,0.5820,0.5196,1
453,1403715295.912143230,4.4173,4.3791,nan,-1,-1,-1,-1,-1,-1,nan,0.7630,0.6982,1
454,1403715295.962142944,17.4550,17.4365,nan,-1,-1,-1,-1,-1,-1,nan,14.0850,14.0145,1
455,1403715296.012143135,4.1027,4.0898,nan,-1,-1,-1,-1,-1,-1,nan,0.5114,0.4330,1
456,1403715296.062143087,4.2491,4.2209,nan,-1,-1,-1,-1,-1,-1,nan,0.6643,0.5839,1
457,1403715296.112143278,4.5851,4.5473,nan,-1,-1,-1,-1,-1,-1,nan,0.7927,0.7165,1
458,1403715296.162142992,17.8067,17.7641,nan,-1,-1,-1,-1,-1,-1,nan,14.1324,14.0564,1
459,1403715296.212143183,4.0820,4.0314,nan,-1,-1,-1,-1,-1,-1,nan,0.4888,0.4104,1
460,1403715296.262143135,4.2033,4.1883,nan,-1,-1,-1,-1,-1,-1,nan,0.6158,0.5403,1
461,1403715296.312143087,4.4530,4.4035,nan,-1,-1,-1,-1,-1,-1,nan,0.7630,0.6864,1
462,1403715296.362143040,17.5045,17.4613,nan,-1,-1,-1,-1,-1,-1,nan,13.7830,13.7020,1
463,1403715296.412143230,3.9580,3.9553,nan,-1,-1,-1,-1,-1,-1,nan,0.4792,0.4022,1
464,1403715296.462142944,4.7926,4.6925,nan,-1,-1,-1,-1,-1,-1,nan,0.6390,0.5585,1
465,1403715296.512143135,4.7165,4.6550,nan,-1,-1,-1,-1,-1,-1,nan,0.7909,0.7170,1
466,1403715296.562143087,17.2570,17.2032,nan,-1,-1,-1,-1,-1,-1,nan,13.5100,13.4211,1
467,1403715296.612143278,4.0038,4.0078,nan,-1,-1,-1,-1,-1,-1,nan,0.5009,0.4243,1
468,1403715296.662142992,4.3472,4.3492,nan,-1,-1,-1,-1,-1,-1,nan,0.6979,0.6161,1
469,1403715296.712143183,4.6467,4.5653,nan,-1,-1,-1,-1,-1,-1,nan,0.8534,0.7729,1
470,1403715296.762143135,17.2668,17.2552,nan,-1,-1,-1,-1,-1,-1,nan,13.6177,13.5385,1
471,1403715296.812143087,4.2393,4.2343,nan,-1,-1,-1,-1,-1,-1,nan,0.5406,0.4607,1
472,1403715296.862143040,4.0618,4.0657,nan,-1,-1,-1,-1,-1,-1,nan,0.6829,0.6111,1
473,1403715296.912143230,4.4023,4.3806,nan,-1,-1,-1,-1,-1,-1,nan,0.8702,0.7967,1
474,1403715296.962142944,16.7873,16.7916,nan,-1,-1,-1,-1,-1,-1,nan,13.3697,13.2950,1
475,1403715297.012143135,3.8519,3.8513,nan,-1,-1,-1,-1,-1,-1,nan,0.4694,0.3938,1
476,1403715297.062143087,3.9856,3.9831,nan,-1,-1,-1,-1,-1,-1,nan,0.6143,0.5422,1
477,1403715297.112143278,4.1702,4.1580,nan,-1,-1,-1,-1,-1,-1,nan,0.7650,0.6948,1
478,1403715297.162142992,16.5782,16.5435,nan,-1,-1,-1,-1,-1,-1,nan,13.1836,13.1167,1
479,1403715297.212143183,3.7932,3.7918,nan,-1,-1,-1,-1,-1,-1,nan,0.4236,0.3512,1
480,1403715297.262143135,4.3018,4.2145,nan,-1,-1,-1,-1,-1,-1,nan,0.5521,0.4805,1
481,1403715297.312143087,4.0880,4.0863,nan,-1,-1,-1,-1,-1,-1,nan,0.7012,0.6327,1
482,1403715297.362143040,16.9797,16.9590,nan,-1,-1,-1,-1,-1,-1,nan,13.3525,13.2821,1
483,1403715297.412143230,3.8340,3.8378,nan,-1,-1,-1,-1,-1,-1,nan,0.4498,0.3757,1
484,1403715297.462142944,3.9907,3.9902,nan,-1,-1,-1,-1,-1,-1,nan,0.5521,0.4835,1
485,1403715297.512143135,4.0560,4.0597,nan,-1,-1,-1,-1,-1,-1,nan,0.6937,0.6252,1
486,1403715297.562143087,16.7060,16.6990,nan,-1,-1,-1,-1,-1,-1,nan,13.3068,13.2409,1
487,1403715297.612143278,3.9938,3.9873,nan,-1,-1,-1,-1,-1,-1,nan,0.4226,0.3507,1
488,1403715297.662142992,3.9796,3.9834,nan,-1,-1,-1,-1,-1,-1,nan,0.5715,0.5004,1
489,1403715297.712143183,4.2865,4.2710,nan,-1,-1,-1,-1,-1,-1,nan,0.7212,0.6482,1
490,1403715297.762143135,16.6515,16.6550,nan,-1,-1,-1,-1,-1,-1,nan,13.2177,13.1491,1
491,1403715297.812143087,4.0475,4.0077,nan,-1,-1,-1,-1,-1,-1,nan,0.4107,0.3368,1
492,1403715297.862143040,4.2192,4.0678,nan,-1,-1,-1,-1,-1,-1,nan,0.5463,0.4773,1
493,1403715297.912143230,3.9140,3.9209,nan,-1,-1,-1,-1,-1,-1,nan,0.6716,0.6060,1
494,1403715297.962142944,16.5149,16.4720,nan,-1,-1,-1,-1,-1,-1,nan,13.0061,12.9370,1
495,1403715298.012143135,3.7808,3.7845,nan,-1,-1,-1,-1,-1,-1,nan,0.3720,0.3074,1
496,1403715298.062143087,3.9892,3.9519,nan,-1,-1,-1,-1,-1,-1,nan,0.4608,0.3978,1
497,1403715298.112143278,4.2522,4.1780,nan,-1,-1,-1,-1,-1,-1,nan,0.6051,0.5360,1
498,1403715298.162142992,16.3170,16.2930,nan,-1,-1,-1,-1,-1,-1,nan,12.8174,12.7458,1
499,1403715298.212143183,3.5280,3.5316,nan,-1,-1,-1,-1,-1,-1,nan,0.3737,0.3138,1
500,1403715298.262143135,3.7933,3.7971,nan,-1,-1,-1,-1,-1,-1,nan,0.5344,0.4657,1
501,1403715298.312143087,3.7951,3.8014,nan,-1,-1,-1,-1,-1,-1,nan,0.6268,0.5669,1
502,1403715298.362143040,16.0374,16.0409,nan,-1,-1,-1,-1,-1,-1,nan,12.7768,12.7139,1
503,1403715298.412143230,3.7218,3.7254,nan,-1,-1,-1,-1,-1,-1,nan,0.4196,0.3574,1
504,1403715298.462142944,3.9628,3.9665,nan,-1,-1,-1,-1,-1,-1,nan,0.5484,0.4822,1
505,1403715298.512143135,4.1184,4.1244,nan,-1,-1,-1,-1,-1,-1,nan,0.6740,0.6133,1
506,1403715298.562143087,16.6183,16.6220,nan,-1,-1,-1,-1,-1,-1,nan,13.3986,13.3360,1
507,1403715298.612143278,3.9341,3.9377,nan,-1,-1,-1,-1,-1,-1,nan,0.4632,0.3920,1
508,1403715298.662142992,4.0226,4.0260,nan,-1,-1,-1,-1,-1,-1,nan,0.5871,0.5205,1
509,1403715298.712143183,4.3538,4.2918,nan,-1,-1,-1,-1,-1,-1,nan,0.7545,0.6823,1
510,1403715298.762143135,45.0262,45.0225,nan,-1,-1,-1,-1,-1,-1,nan,41.6497,41.5844,1
511,1403715298.812143087,3.7565,3.7603,nan,-1,-1,-1,-1,-1,-1,nan,0.4852,0.4110,1
512,1403715298.862143040,3.9797,3.9725,nan,-1,-1,-1,-1,-1,-1,nan,0.6126,0.5414,1
513,1403715298.912143230,4.2307,4.2345,nan,-1,-1,-1,-1,-1,-1,nan,0.8506,0.7837,1
514,1403715298.962142944,16.2415,16.2455,nan,-1,-1,-1,-1,-1,-1,nan,13.0145,12.9480,1
515,1403715299.012143135,3.7518,3.7558,nan,-1,-1,-1,-1,-1,-1,nan,0.4365,0.3634,1
516,1403715299.062143087,3.8377,3.8413,nan,-1,-1,-1,-1,-1,-1,nan,0.5734,0.5046,1
517,1403715299.112143278,4.0374,4.0349,nan,-1,-1,-1,-1,-1,-1,nan,0.7104,0.6402,1
518,1403715299.162142992,16.0599,16.0637,nan,-1,-1,-1,-1,-1,-1,nan,12.7667,12.6962,1
519,1403715299.212143183,3.8457,3.8455,nan,-1,-1,-1,-1,-1,-1,nan,0.4326,0.3626,1
520,1403715299.262143135,3.9632,3.9574,nan,-1,-1,-1,-1,-1,-1,nan,0.5748,0.4990,1
521,1403715299.312143087,4.1395,4.1290,nan,-1,-1,-1,-1,-1,-1,nan,0.7779,0.6997,1
522,1403715299.362143040,16.3126,16.2848,nan,-1,-1,-1,-1,-1,-1,nan,12.9837,12.9081,1
523,1403715299.412143230,3.8429,3.8375,nan,-1,-1,-1,-1,-1,-1,nan,0.4183,0.3475,1
524,1403715299.462142944,3.7899,3.7934,nan,-1,-1,-1,-1,-1,-1,nan,0.5862,0.5154,1
525,1403715299.512143135,4.0645,4.0587,nan,-1,-1,-1,-1,-1,-1,nan,0.7331,0.6647,1
526,1403715299.562143087,16.1453,16.1491,nan,-1,-1,-1,-1,-1,-1,nan,12.8695,12.8043,1
527,1403715299.612143278,3.8746,3.8496,nan,-1,-1,-1,-1,-1,-1,nan,0.4204,0.3510,1
528,1403715299.662142992,3.8327,3.8361,nan,-1,-1,-1,-1,-1,-1,nan,0.5494,0.4833,1
529,1403715299.712143183,4.0848,4.0888,nan,-1,-1,-1,-1,-1,-1,nan,0.6884,0.6226,1
530,1403715299.762143135,16.9905,16.9943,nan,-1,-1,-1,-1,-1,-1,nan,13.1629,13.0531,1
531,1403715299.812143087,4.1985,4.1568,nan,-1,-1,-1,-1,-1,-1,nan,0.4603,0.3833,1
532,1403715299.862143040,3.8997,3.9035,nan,-1,-1,-1,-1,-1,-1,nan,0.5999,0.5316,1
533,1403715299.912143230,4.0388,4.0425,nan,-1,-1,-1,-1,-1,-1,nan,0.6885,0.6238,1
534,1403715299.962142944,16.2061,16.2098,nan,-1,-1,-1,-1,-1,-1,nan,12.9266,12.8678,1
535,1403715300.012143135,3.5748,3.5783,nan,-1,-1,-1,-1,-1,-1,nan,0.4082,0.3514,1
536,1403715300.062143087,3.8500,3.8452,nan,-1,-1,-1,-1,-1,-1,nan,0.5571,0.4987,1
537,1403715300.112143278,3.9396,3.9290,nan,-1,-1,-1,-1,-1,-1,nan,0.6705,0.6108,1
538,1403715300.162142992,17.2572,17.1330,nan,-1,-1,-1,-1,-1,-1,nan,13.6318,13.5645,1
539,1403715300.212143183,3.9157,3.8926,nan,-1,-1,-1,-1,-1,-1,nan,0.4865,0.4010,1
540,1403715300.262143135,3.8908,3.8945,nan,-1,-1,-1,-1,-1,-1,nan,0.6087,0.5425,1
541,1403715300.312143087,4.2424,4.2418,nan,-1,-1,-1,-1,-1,-1,nan,0.7664,0.7021,1
542,1403715300.362143040,17.5717,17.5730,nan,-1,-1,-1,-1,-1,-1,nan,14.2695,14.2062,1
543,1403715300.412143230,3.8755,3.8797,nan,-1,-1,-1,-1,-1,-1,nan,0.4876,0.4187,1
544,1403715300.462142944,3.9718,3.9758,nan,-1,-1,-1,-1,-1,-1,nan,0.6836,0.6112,1
545,1403715300.512143135,4.1442,4.1488,nan,-1,-1,-1,-1,-1,-1,nan,0.8370,0.7664,1
546,1403715300.562143087,18.0068,18.0106,nan,-1,-1,-1,-1,-1,-1,nan,14.5472,14.4750,1
547,1403715300.612143278,3.8335,3.8279,nan,-1,-1,-1,-1,-1,-1,nan,0.4848,0.4185,1
548,1403715300.662142992,4.0222,4.0196,nan,-1,-1,-1,-1,-1,-1,nan,0.6336,0.5617,1
549,1403715300.712143183,4.0634,4.0618,nan,-1,-1,-1,-1,-1,-1,nan,0.7681,0.7037,1
550,1403715300.762143135,17.5630,17.5590,nan,-1,-1,-1,-1,-1,-1,nan,14.2512,14.1825,1
551,1403715300.812143087,3.8035,3.8071,nan,-1,-1,-1,-1,-1,-1,nan,0.4980,0.4261,1
552,1403715300.862143040,3.9839,3.9822,nan,-1,-1,-1,-1,-1,-1,nan,0.6167,0.5465,1
553,1403715300.912143230,4.1481,4.1517,nan,-1,-1,-1,-1,-1,-1,nan,0.8139,0.7455,1
554,1403715300.962142944,17.0549,17.0540,nan,-1,-1,-1,-1,-1,-1,nan,13.7875,13.7185,1
555,1403715301.012143135,3.7890,3.7871,nan,-1,-1,-1,-1,-1,-1,nan,0.4943,0.4238,1
556,1403715301.062143087,3.9389,3.9280,nan,-1,-1,-1,-1,-1,-1,nan,0.6642,0.5933,1
557,1403715301.112143278,4.0623,4.0660,nan,-1,-1,-1,-1,-1,-1,nan,0.8052,0.7372,1
558,1403715301.162142992,17.2655,17.1861,nan,-1,-1,-1,-1,-1,-1,nan,13.5567,13.4828,1
559,1403715301.212143183,3.8201,3.8236,nan,-1,-1,-1,-1,-1,-1,nan,0.5305,0.4513,1
560,1403715301.262143135,4.2368,4.1994,nan,-1,-1,-1,-1,-1,-1,nan,0.6908,0.6172,1
561,1403715301.312143087,4.0886,4.0924,nan,-1,-1,-1,-1,-1,-1,nan,0.8228,0.7524,1
562,1403715301.362143040,16.9036,16.9071,nan,-1,-1,-1,-1,-1,-1,nan,13.5102,13.4316,1
563,1403715301.412143230,3.7576,3.7615,nan,-1,-1,-1,-1,-1,-1,nan,0.5272,0.4538,1
564,1403715301.462142944,4.0673,4.0664,nan,-1,-1,-1,-1,-1,-1,nan,0.7391,0.6640,1
565,1403715301.512143135,4.2790,4.2645,nan,-1,-1,-1,-1,-1,-1,nan,0.8831,0.8120,1
566,1403715301.562143087,16.7541,16.7505,nan,-1,-1,-1,-1,-1,-1,nan,13.4672,13.3932,1
567,1403715301.612143278,3.8410,3.8450,nan,-1,-1,-1,-1,-1,-1,nan,0.5000,0.4234,1
568,1403715301.662142992,4.0912,4.0883,nan,-1,-1,-1,-1,-1,-1,nan,0.7014,0.6239,1
569,1403715301.712143183,4.4795,4.4607,nan,-1,-1,-1,-1,-1,-1,nan,1.0082,0.9300,1
570,1403715301.762143135,17.0421,17.0292,nan,-1,-1,-1,-1,-1,-1,nan,13.5715,13.4937,1
571,1403715301.812143087,4.3485,4.3175,nan,-1,-1,-1,-1,-1,-1,nan,0.5558,0.4745,1
572,1403715301.862143040,4.4267,4.3652,nan,-1,-1,-1,-1,-1,-1,nan,0.8287,0.7503,1
573,1403715301.912143230,4.6530,4.6258,nan,-1,-1,-1,-1,-1,-1,nan,1.0554,0.9805,1
574,1403715301.962142944,17.2722,17.2559,nan,-1,-1,-1,-1,-1,-1,nan,13.7703,13.6888,1
575,1403715302.012143135,4.2602,4.2636,nan,-1,-1,-1,-1,-1,-1,nan,0.6384,0.5565,1
576,1403715302.062143087,4.3754,4.3714,nan,-1,-1,-1,-1,-1,-1,nan,0.8298,0.7506,1
577,1403715302.112143278,4.7847,4.7832,nan,-1,-1,-1,-1,-1,-1,nan,1.2010,1.1222,1
578,1403715302.162142992,25.0307,25.0320,nan,-1,-1,-1,-1,-1,-1,nan,21.3746,21.2930,1
579,1403715302.212143183,4.4079,4.3875,nan,-1,-1,-1,-1,-1,-1,nan,0.6365,0.5529,1
580,1403715302.262143135,4.1388,4.1399,nan,-1,-1,-1,-1,-1,-1,nan,0.7838,0.6971,1
581,1403715302.312143087,4.6472,4.6444,nan,-1,-1,-1,-1,-1,-1,nan,1.1469,1.0691,1
582,1403715302.362143040,25.7260,25.7041,nan,-1,-1,-1,-1,-1,-1,nan,22.2590,22.1824,1
583,1403715302.412143230,4.1881,4.1792,nan,-1,-1,-1,-1,-1,-1,nan,0.6169,0.5301,1
584,1403715302.462142944,4.3658,4.3433,nan,-1,-1,-1,-1,-1,-1,nan,0.8495,0.7654,1
585,1403715302.512143135,4.6310,4.6295,nan,-1,-1,-1,-1,-1,-1,nan,1.2014,1.1224,1
586,1403715302.562143087,19.3264,19.3112,nan,-1,-1,-1,-1,-1,-1,nan,15.6073,15.5171,1
587,1403715302.612143278,4.1800,4.1667,nan,-1,-1,-1,-1,-1,-1,nan,0.6154,0.5309,1
588,1403715302.662142992,4.5049,4.4967,nan,-1,-1,-1,-1,-1,-1,nan,0.9536,0.8705,1
589,1403715302.712143183,4.9349,4.9022,nan,-1,-1,-1,-1,-1,-1,nan,1.2247,1.1409,1
590,1403715302.762143135,19.2575,19.1470,nan,-1,-1,-1,-1,-1,-1,nan,15.6226,15.5410,1
591,1403715302.812143087,4.3091,4.2402,nan,-1,-1,-1,-1,-1,-1,nan,0.5888,0.5082,1
592,1403715302.862143040,4.2508,4.2480,nan,-1,-1,-1,-1,-1,-1,nan,0.8242,0.7403,1
593,1403715302.912143230,4.6283,4.6279,nan,-1,-1,-1,-1,-1,-1,nan,1.2047,1.1202,1
594,1403715302.962142944,19.3123,19.3166,nan,-1,-1,-1,-1,-1,-1,nan,15.8198,15.7384,1
595,1403715303.012143135,4.0125,3.9930,nan,-1,-1,-1,-1,-1,-1,nan,0.5858,0.5088,1
596,1403715303.062143087,4.1953,4.1995,nan,-1,-1,-1,-1,-1,-1,nan,0.8004,0.7181,1
597,1403715303.112143278,4.4361,4.4359,nan,-1,-1,-1,-1,-1,-1,nan,0.9825,0.8995,1
598,1403715303.162142992,19.4013,19.3755,nan,-1,-1,-1,-1,-1,-1,nan,15.8701,15.7859,1
599,1403715303.212143183,4.0804,4.0673,nan,-1,-1,-1,-1,-1,-1,nan,0.5499,0.4807,1
600,1403715303.262143135,4.1464,4.1502,nan,-1,-1,-1,-1,-1,-1,nan,0.7317,0.6609,1
601,1403715303.312143087,4.3143,4.3209,nan,-1,-1,-1,-1,-1,-1,nan,0.8903,0.8257,1
602,1403715303.362143040,19.2925,19.2601,nan,-1,-1,-1,-1,-1,-1,nan,15.7160,15.6495,1
603,1403715303.412143230,3.9184,3.9093,nan,-1,-1,-1,-1,-1,-1,nan,0.4638,0.3946,1
604,1403715303.462142944,3.8944,3.8984,nan,-1,-1,-1,-1,-1,-1,nan,0.6367,0.5676,1
605,1403715303.512143135,4.0853,4.0892,nan,-1,-1,-1,-1,-1,-1,nan,0.7843,0.7229,1
606,1403715303.562143087,18.5499,18.5417,nan,-1,-1,-1,-1,-1,-1,nan,15.1245,15.0553,1
607,1403715303.612143278,3.9070,3.8675,nan,-1,-1,-1,-1,-1,-1,nan,0.4310,0.3671,1
608,1403715303.662142992,3.9575,3.9615,nan,-1,-1,-1,-1,-1,-1,nan,0.5872,0.5208,1
609,1403715303.712143183,4.2877,4.2915,nan,-1,-1,-1,-1,-1,-1,nan,0.7491,0.6798,1
610,1403715303.762143135,18.8633,18.8508,nan,-1,-1,-1,-1,-1,-1,nan,15.2370,15.1652,1
611,1403715303.812143087,3.8459,3.8500,nan,-1,-1,-1,-1,-1,-1,nan,0.4229,0.3522,1
612,1403715303.862143040,4.0906,4.0854,nan,-1,-1,-1,-1,-1,-1,nan,0.5891,0.5176,1
613,1403715303.912143230,4.0984,4.1023,nan,-1,-1,-1,-1,-1,-1,nan,0.7146,0.6426,1
614,1403715303.962142944,18.3416,18.3455,nan,-1,-1,-1,-1,-1,-1,nan,15.1489,15.0859,1
615,1403715304.012143135,4.1695,4.1446,nan,-1,-1,-1,-1,-1,-1,nan,0.4277,0.3555,1
616,1403715304.062143087,4.5351,4.4131,nan,-1,-1,-1,-1,-1,-1,nan,0.6383,0.5649,1
617,1403715304.112143278,4.5282,4.5263,nan,-1,-1,-1,-1,-1,-1,nan,0.7785,0.6932,1
618,1403715304.162142992,18.2552,18.2363,nan,-1,-1,-1,-1,-1,-1,nan,14.8764,14.8130,1
619,1403715304.212143183,3.7865,3.7805,nan,-1,-1,-1,-1,-1,-1,nan,0.4260,0.3560,1
620,1403715304.262143135,3.9009,3.9048,nan,-1,-1,-1,-1,-1,-1,nan,0.6147,0.5444,1
621,1403715304.312143087,4.1400,4.1436,nan,-1,-1,-1,-1,-1,-1,nan,0.8848,0.8184,1
622,1403715304.362143040,17.4914,17.4908,nan,-1,-1,-1,-1,-1,-1,nan,14.1649,14.0956,1
623,1403715304.412143230,4.0191,4.0049,nan,-1,-1,-1,-1,-1,-1,nan,0.4270,0.3608,1
624,1403715304.462142944,4.3189,4.3077,nan,-1,-1,-1,-1,-1,-1,nan,0.6348,0.5503,1
625,1403715304.512143135,4.1312,4.1348,nan,-1,-1,-1,-1,-1,-1,nan,0.8728,0.8072,1
626,1403715304.562143087,17.3055,17.3097,nan,-1,-1,-1,-1,-1,-1,nan,13.9699,13.9010,1
627,1403715304.612143278,4.1778,4.1623,nan,-1,-1,-1,-1,-1,-1,nan,0.4100,0.3381,1
628,1403715304.662142992,3.8936,3.8972,nan,-1,-1,-1,-1,-1,-1,nan,0.5805,0.5158,1
629,1403715304.712143183,4.2332,4.2371,nan,-1,-1,-1,-1,-1,-1,nan,0.8698,0.8015,1
630,1403715304.762143135,16.8140,16.8179,nan,-1,-1,-1,-1,-1,-1,nan,13.4770,13.4130,1
631,1403715304.812143087,4.2685,4.1578,nan,-1,-1,-1,-1,-1,-1,nan,0.4637,0.3835,1
632,1403715304.862143040,4.1670,4.1708,nan,-1,-1,-1,-1,-1,-1,nan,0.6230,0.5428,1
633,1403715304.912143230,4.4950,4.4327,nan,-1,-1,-1,-1,-1,-1,nan,0.9383,0.8549,1
634,1403715304.962142944,16.9400,16.9436,nan,-1,-1,-1,-1,-1,-1,nan,13.5076,13.4310,1
635,1403715305.012143135,3.8749,3.8643,nan,-1,-1,-1,-1,-1,-1,nan,0.4466,0.3762,1
636,1403715305.062143087,4.0859,4.0757,nan,-1,-1,-1,-1,-1,-1,nan,0.6000,0.5350,1
637,1403715305.112143278,4.4164,4.4040,nan,-1,-1,-1,-1,-1,-1,nan,0.9460,0.8706,1
638,1403715305.162142992,16.6015,16.5848,nan,-1,-1,-1,-1,-1,-1,nan,13.1390,13.0658,1
639,1403715305.212143183,3.8102,3.8043,nan,-1,-1,-1,-1,-1,-1,nan,0.4686,0.4004,1
640,1403715305.262143135,3.8780,3.8795,nan,-1,-1,-1,-1,-1,-1,nan,0.6188,0.5495,1
641,1403715305.312143087,4.4062,4.4018,nan,-1,-1,-1,-1,-1,-1,nan,0.9876,0.9161,1
642,1403715305.362143040,16.5510,16.5495,nan,-1,-1,-1,-1,-1,-1,nan,13.2390,13.1640,1
643,1403715305.412143230,3.7788,3.7717,nan,-1,-1,-1,-1,-1,-1,nan,0.4614,0.3881,1
644,1403715305.462142944,3.9771,3.9755,nan,-1,-1,-1,-1,-1,-1,nan,0.6089,0.5439,1
645,1403715305.512143135,4.4127,4.3779,nan,-1,-1,-1,-1,-1,-1,nan,0.7982,0.7140,1
646,1403715305.562143087,16.7252,16.6933,nan,-1,-1,-1,-1,-1,-1,nan,13.1782,13.1063,1
647,1403715305.612143278,4.0573,4.0372,nan,-1,-1,-1,-1,-1,-1,nan,0.4793,0.3944,1
648,1403715305.662142992,3.9253,3.9247,nan,-1,-1,-1,-1,-1,-1,nan,0.5877,0.5233,1
649,1403715305.712143183,4.1963,4.1944,nan,-1,-1,-1,-1,-1,-1,nan,0.9481,0.8837,1
650,1403715305.762143135,16.6640,16.6016,nan,-1,-1,-1,-1,-1,-1,nan,13.2317,13.1640,1
651,1403715305.812143087,3.6906,3.6892,nan,-1,-1,-1,-1,-1,-1,nan,0.4891,0.4210,1
652,1403715305.862143040,3.9670,3.8595,nan,-1,-1,-1,-1,-1,-1,nan,0.6203,0.5532,1
653,1403715305.912143230,3.9467,3.9502,nan,-1,-1,-1,-1,-1,-1,nan,0.8013,0.7385,1
654,1403715305.962142944,17.0730,17.0650,nan,-1,-1,-1,-1,-1,-1,nan,13.8424,13.7793,1
655,1403715306.012143135,3.9272,3.9079,nan,-1,-1,-1,-1,-1,-1,nan,0.4778,0.4124,1
656,1403715306.062143087,3.9493,3.9367,nan,-1,-1,-1,-1,-1,-1,nan,0.7276,0.6600,1
657,1403715306.112143278,4.5340,4.5127,nan,-1,-1,-1,-1,-1,-1,nan,1.0276,0.9522,1
658,1403715306.162142992,17.6362,17.6373,nan,-1,-1,-1,-1,-1,-1,nan,14.4481,14.3882,1
659,1403715306.212143183,6.0967,5.4369,nan,-1,-1,-1,-1,-1,-1,nan,0.5291,0.4407,1
660,1403715306.262143135,4.3335,4.2880,nan,-1,-1,-1,-1,-1,-1,nan,0.8525,0.7772,1
661,1403715306.312143087,4.6203,4.5746,nan,-1,-1,-1,-1,-1,-1,nan,1.0346,0.9638,1
662,1403715306.362143040,18.2018,18.2053,nan,-1,-1,-1,-1,-1,-1,nan,14.9208,14.8508,1
663,1403715306.412143230,3.8306,3.8275,nan,-1,-1,-1,-1,-1,-1,nan,0.4975,0.4223,1
664,1403715306.462142944,4.6050,4.5147,nan,-1,-1,-1,-1,-1,-1,nan,0.7042,0.6210,1
665,1403715306.512143135,4.3357,4.3245,nan,-1,-1,-1,-1,-1,-1,nan,0.8867,0.8171,1
666,1403715306.562143087,41.9561,41.9393,nan,-1,-1,-1,-1,-1,-1,nan,38.5697,38.5023,1
667,1403715306.612143278,4.1467,4.1173,nan,-1,-1,-1,-1,-1,-1,nan,0.4977,0.4244,1
668,1403715306.662142992,4.5076,4.3297,nan,-1,-1,-1,-1,-1,-1,nan,0.7088,0.6223,1
669,1403715306.712143183,5.0966,4.8109,nan,-1,-1,-1,-1,-1,-1,nan,0.8767,0.7860,1
670,1403715306.762143135,18.4024,18.3637,nan,-1,-1,-1,-1,-1,-1,nan,15.0629,14.9918,1
671,1403715306.812143087,4.0176,4.0109,nan,-1,-1,-1,-1,-1,-1,nan,0.4929,0.4123,1
672,1403715306.862143040,4.0379,4.0249,nan,-1,-1,-1,-1,-1,-1,nan,0.6627,0.5887,1
673,1403715306.912143230,4.0211,4.0248,nan,-1,-1,-1,-1,-1,-1,nan,0.7553,0.6895,1
674,1403715306.962142944,17.7850,17.7671,nan,-1,-1,-1,-1,-1,-1,nan,14.5207,14.4567,1
675,1403715307.012143135,3.7931,3.7917,nan,-1,-1,-1,-1,-1,-1,nan,0.4508,0.3810,1
676,1403715307.062143087,3.9454,3.8970,nan,-1,-1,-1,-1,-1,-1,nan,0.5841,0.5175,1
677,1403715307.112143278,4.6238,4.6275,nan,-1,-1,-1,-1,-1,-1,nan,0.7330,0.6567,1
678,1403715307.162142992,17.6144,17.6091,nan,-1,-1,-1,-1,-1,-1,nan,14.1704,14.0953,1
679,1403715307.212143183,3.9822,3.9869,nan,-1,-1,-1,-1,-1,-1,nan,0.5118,0.4261,1
680,1403715307.262143135,3.8851,3.8892,nan,-1,-1,-1,-1,-1,-1,nan,0.6019,0.5317,1
681,1403715307.312143087,4.4489,4.4478,nan,-1,-1,-1,-1,-1,-1,nan,0.7014,0.6276,1
682,1403715307.362143040,17.7960,17.7617,nan,-1,-1,-1,-1,-1,-1,nan,14.1982,14.1228,1
683,1403715307.412143230,3.7058,3.7130,nan,-1,-1,-1,-1,-1,-1,nan,0.4665,0.3930,1
684,1403715307.462142944,4.0080,3.9913,nan,-1,-1,-1,-1,-1,-1,nan,0.5854,0.5135,1
685,1403715307.512143135,4.2901,4.2292,nan,-1,-1,-1,-1,-1,-1,nan,0.7187,0.6482,1
686,1403715307.562143087,16.9730,16.9492,nan,-1,-1,-1,-1,-1,-1,nan,13.3765,13.3109,1
687,1403715307.612143278,3.9814,3.9172,nan,-1,-1,-1,-1,-1,-1,nan,0.4942,0.4161,1
688,1403715307.662142992,3.9948,3.9620,nan,-1,-1,-1,-1,-1,-1,nan,0.5846,0.5191,1
689,1403715307.712143183,4.1725,4.1602,nan,-1,-1,-1,-1,-1,-1,nan,0.7607,0.6844,1
690,1403715307.762143135,17.0830,16.9782,nan,-1,-1,-1,-1,-1,-1,nan,13.2547,13.1851,1
691,1403715307.812143087,3.9849,3.9237,nan,-1,-1,-1,-1,-1,-1,nan,0.4488,0.3790,1
692,1403715307.862143040,4.2057,4.1552,nan,-1,-1,-1,-1,-1,-1,nan,0.6025,0.5300,1
693,1403715307.912143230,4.2435,4.2037,nan,-1,-1,-1,-1,-1,-1,nan,0.7338,0.6653,1
694,1403715307.962142944,16.7347,16.7259,nan,-1,-1,-1,-1,-1,-1,nan,13.3850,13.3205,1
695,1403715308.012143135,4.1512,3.9123,nan,-1,-1,-1,-1,-1,-1,nan,0.4539,0.3875,1
696,1403715308.062143087,4.4937,4.2489,nan,-1,-1,-1,-1,-1,-1,nan,0.6065,0.5343,1
697,1403715308.112143278,4.2197,4.0725,nan,-1,-1,-1,-1,-1,-1,nan,0.6917,0.6296,1
698,1403715308.162142992,16.4439,16.3110,nan,-1,-1,-1,-1,-1,-1,nan,12.9441,12.8815,1
699,1403715308.212143183,4.2519,4.0988,nan,-1,-1,-1,-1,-1,-1,nan,0.4038,0.3316,1
700,1403715308.262143135,5.5350,5.0190,nan,-1,-1,-1,-1,-1,-1,nan,0.5066,0.4401,1
701,1403715308.312143087,4.1224,4.1260,nan,-1,-1,-1,-1,-1,-1,nan,0.6203,0.5573,1
702,1403715308.362143040,22.8405,22.7359,nan,-1,-1,-1,-1,-1,-1,nan,19.1659,19.0983,1
703,1403715308.412143230,4.1534,4.0828,nan,-1,-1,-1,-1,-1,-1,nan,0.4047,0.3365,1
704,1403715308.462142944,4.3937,4.3000,nan,-1,-1,-1,-1,-1,-1,nan,0.5258,0.4607,1
705,1403715308.512143135,4.0905,4.0561,nan,-1,-1,-1,-1,-1,-1,nan,0.6382,0.5746,1
706,1403715308.562143087,16.5140,15.9205,nan,-1,-1,-1,-1,-1,-1,nan,12.1717,12.0989,1
707,1403715308.612143278,4.4290,4.2490,nan,-1,-1,-1,-1,-1,-1,nan,0.4275,0.3573,1
708,1403715308.662142992,3.9273,3.9130,nan,-1,-1,-1,-1,-1,-1,nan,0.5387,0.4737,1
709,1403715308.712143183,4.1560,4.1223,nan,-1,-1,-1,-1,-1,-1,nan,0.6923,0.6145,1
710,1403715308.762143135,16.3428,16.1323,nan,-1,-1,-1,-1,-1,-1,nan,12.0698,11.9978,1
711,1403715308.812143087,4.1896,4.1932,nan,-1,-1,-1,-1,-1,-1,nan,0.4335,0.3609,1
712,1403715308.862143040,5.5232,4.6402,nan,-1,-1,-1,-1,-1,-1,nan,0.5827,0.5072,1
713,1403715308.912143230,4.1852,4.1594,nan,-1,-1,-1,-1,-1,-1,nan,0.7116,0.6418,1
714,1403715308.962142944,15.4885,15.4923,nan,-1,-1,-1,-1,-1,-1,nan,12.1240,12.0618,1
715,1403715309.012143135,4.0160,3.9614,nan,-1,-1,-1,-1,-1,-1,nan,0.4068,0.3362,1
716,1403715309.062143087,4.2550,4.1307,nan,-1,-1,-1,-1,-1,-1,nan,0.5827,0.5132,1
717,1403715309.112143278,4.4706,4.4743,nan,-1,-1,-1,-1,-1,-1,nan,0.7053,0.6356,1
718,1403715309.162142992,16.5423,16.4485,nan,-1,-1,-1,-1,-1,-1,nan,12.7502,12.6796,1
719,1403715309.212143183,4.5087,4.4246,nan,-1,-1,-1,-1,-1,-1,nan,0.4036,0.3328,1
720,1403715309.262143135,4.5749,4.5612,nan,-1,-1,-1,-1,-1,-1,nan,0.5414,0.4722,1
721,1403715309.312143087,5.2711,5.2274,nan,-1,-1,-1,-1,-1,-1,nan,0.7518,0.6786,1
722,1403715309.362143040,16.4050,16.2757,nan,-1,-1,-1,-1,-1,-1,nan,12.6702,12.5995,1
723,1403715309.412143230,4.1798,4.1835,nan,-1,-1,-1,-1,-1,-1,nan,0.4225,0.3471,1
724,1403715309.462142944,4.1480,4.1257,nan,-1,-1,-1,-1,-1,-1,nan,0.5815,0.5121,1
725,1403715309.512143135,4.7009,4.5846,nan,-1,-1,-1,-1,-1,-1,nan,0.7107,0.6417,1
726,1403715309.562143087,16.1979,16.1624,nan,-1,-1,-1,-1,-1,-1,nan,12.6263,12.5557,1
727,1403715309.612143278,3.9697,3.9622,nan,-1,-1,-1,-1,-1,-1,nan,0.4488,0.3812,1
728,1403715309.662142992,5.3445,4.4691,nan,-1,-1,-1,-1,-1,-1,nan,0.6011,0.5331,1
729,1403715309.712143183,4.7510,4.6458,nan,-1,-1,-1,-1,-1,-1,nan,0.7987,0.7293,1
730,1403715309.762143135,16.7490,16.7527,nan,-1,-1,-1,-1,-1,-1,nan,13.0402,12.9703,1
731,1403715309.812143087,4.3809,4.3325,nan,-1,-1,-1,-1,-1,-1,nan,0.4865,0.4136,1
732,1403715309.862143040,4.4757,4.4792,nan,-1,-1,-1,-1,-1,-1,nan,0.6868,0.6171,1
733,1403715309.912143230,4.6690,4.6296,nan,-1,-1,-1,-1,-1,-1,nan,0.9877,0.9187,1
734,1403715309.962142944,16.9597,16.9632,nan,-1,-1,-1,-1,-1,-1,nan,13.4558,13.3865,1
735,1403715310.012143135,4.4077,4.2007,nan,-1,-1,-1,-1,-1,-1,nan,0.5477,0.4744,1
736,1403715310.062143087,4.2804,4.2747,nan,-1,-1,-1,-1,-1,-1,nan,0.7290,0.6597,1
737,1403715310.112143278,5.0838,4.8024,nan,-1,-1,-1,-1,-1,-1,nan,0.9487,0.8787,1
738,1403715310.162142992,18.3772,18.3809,nan,-1,-1,-1,-1,-1,-1,nan,14.7614,14.6933,1
739,1403715310.212143183,4.2684,4.2720,nan,-1,-1,-1,-1,-1,-1,nan,0.5234,0.4546,1
740,1403715310.262143135,4.1316,4.1352,nan,-1,-1,-1,-1,-1,-1,nan,0.6975,0.6317,1
741,1403715310.312143087,4.3003,4.3037,nan,-1,-1,-1,-1,-1,-1,nan,0.8771,0.8147,1
742,1403715310.362143040,18.6420,18.6455,nan,-1,-1,-1,-1,-1,-1,nan,15.3023,15.2412,1
743,1403715310.412143230,4.5336,4.5403,nan,-1,-1,-1,-1,-1,-1,nan,0.7001,0.5721,1
744,1403715310.462142944,4.0617,4.0660,nan,-1,-1,-1,-1,-1,-1,nan,0.6714,0.6082,1
745,1403715310.512143135,4.1551,4.1587,nan,-1,-1,-1,-1,-1,-1,nan,0.8563,0.7991,1
746,1403715310.562143087,19.2797,19.2835,nan,-1,-1,-1,-1,-1,-1,nan,15.7620,15.7010,1
747,1403715310.612143278,3.9304,3.9152,nan,-1,-1,-1,-1,-1,-1,nan,0.4805,0.4124,1
748,1403715310.662142992,4.8224,4.5994,nan,-1,-1,-1,-1,-1,-1,nan,0.6493,0.5799,1
749,1403715310.712143183,4.2345,4.2276,nan,-1,-1,-1,-1,-1,-1,nan,0.9166,0.8540,1
750,1403715310.762143135,18.5302,18.4914,nan,-1,-1,-1,-1,-1,-1,nan,14.7318,14.6664,1
751,1403715310.812143087,3.9859,3.9631,nan,-1,-1,-1,-1,-1,-1,nan,0.4744,0.4117,1
752,1403715310.862143040,4.2240,4.2114,nan,-1,-1,-1,-1,-1,-1,nan,0.6328,0.5739,1
753,1403715310.912143230,4.2168,4.2007,nan,-1,-1,-1,-1,-1,-1,nan,0.7865,0.7307,1
754,1403715310.962142944,17.9735,17.9769,nan,-1,-1,-1,-1,-1,-1,nan,14.5185,14.4627,1
755,1403715311.012143135,4.1828,4.0908,nan,-1,-1,-1,-1,-1,-1,nan,0.4993,0.4314,1
756,1403715311.062143087,4.1760,4.1492,nan,-1,-1,-1,-1,-1,-1,nan,0.6960,0.6328,1
757,1403715311.112143278,4.5831,4.5270,nan,-1,-1,-1,-1,-1,-1,nan,1.0145,0.9461,1
758,1403715311.162142992,17.9373,17.9018,nan,-1,-1,-1,-1,-1,-1,nan,14.3878,14.3222,1
759,1403715311.212143183,4.4889,4.3371,nan,-1,-1,-1,-1,-1,-1,nan,0.5278,0.4602,1
760,1403715311.262143135,4.3764,4.3490,nan,-1,-1,-1,-1,-1,-1,nan,0.6926,0.6259,1
761,1403715311.312143087,4.8292,4.7170,nan,-1,-1,-1,-1,-1,-1,nan,1.0515,0.9825,1
762,1403715311.362143040,18.0891,18.0818,nan,-1,-1,-1,-1,-1,-1,nan,14.6213,14.5458,1
763,1403715311.412143230,4.0563,4.0522,nan,-1,-1,-1,-1,-1,-1,nan,0.5409,0.4683,1
764,1403715311.462142944,4.2804,4.2773,nan,-1,-1,-1,-1,-1,-1,nan,0.8527,0.7759,1
765,1403715311.512143135,4.4398,4.4190,nan,-1,-1,-1,-1,-1,-1,nan,1.0292,0.9650,1
766,1403715311.562143087,17.8398,17.7994,nan,-1,-1,-1,-1,-1,-1,nan,14.2418,14.1692,1
767,1403715311.612143278,3.7866,3.7787,nan,-1,-1,-1,-1,-1,-1,nan,0.4897,0.4247,1
768,1403715311.662142992,3.9473,3.9511,nan,-1,-1,-1,-1,-1,-1,nan,0.7395,0.6733,1
769,1403715311.712143183,4.0783,4.0853,nan,-1,-1,-1,-1,-1,-1,nan,0.9203,0.8621,1
770,1403715311.762143135,17.1420,17.1456,nan,-1,-1,-1,-1,-1,-1,nan,14.0093,13.9498,1
771,1403715311.812143087,3.9428,3.9324,nan,-1,-1,-1,-1,-1,-1,nan,0.4451,0.3766,1
772,1403715311.862143040,3.8633,3.8543,nan,-1,-1,-1,-1,-1,-1,nan,0.5765,0.5160,1
773,1403715311.912143230,3.9446,3.9431,nan,-1,-1,-1,-1,-1,-1,nan,0.7229,0.6627,1
774,1403715311.962142944,16.8029,16.8066,nan,-1,-1,-1,-1,-1,-1,nan,13.6669,13.6078,1
775,1403715312.012143135,4.1673,4.1533,nan,-1,-1,-1,-1,-1,-1,nan,0.4460,0.3821,1
776,1403715312.062143087,3.9193,3.9149,nan,-1,-1,-1,-1,-1,-1,nan,0.6007,0.5391,1
777,1403715312.112143278,4.0470,4.0347,nan,-1,-1,-1,-1,-1,-1,nan,0.7321,0.6715,1
778,1403715312.162142992,16.5649,16.5688,nan,-1,-1,-1,-1,-1,-1,nan,13.3911,13.3236,1
779,1403715312.212143183,4.0677,4.0438,nan,-1,-1,-1,-1,-1,-1,nan,0.4665,0.3995,1
780,1403715312.262143135,4.2564,4.1445,nan,-1,-1,-1,-1,-1,-1,nan,0.5638,0.4981,1
781,1403715312.312143087,3.7918,3.7954,nan,-1,-1,-1,-1,-1,-1,nan,0.7008,0.6379,1
782,1403715312.362143040,16.3400,16.3438,nan,-1,-1,-1,-1,-1,-1,nan,13.1342,13.0698,1
783,1403715312.412143230,3.9365,3.8320,nan,-1,-1,-1,-1,-1,-1,nan,0.4057,0.3370,1
784,1403715312.462142944,3.7146,3.7182,nan,-1,-1,-1,-1,-1,-1,nan,0.5135,0.4541,1
785,1403715312.512143135,3.8974,3.9013,nan,-1,-1,-1,-1,-1,-1,nan,0.7473,0.6873,1
786,1403715312.562143087,44.8021,44.7793,nan,-1,-1,-1,-1,-1,-1,nan,41.5858,41.5263,1
787,1403715312.612143278,3.4643,3.4681,nan,-1,-1,-1,-1,-1,-1,nan,0.4132,0.3500,1
788,1403715312.662142992,3.5900,3.5964,nan,-1,-1,-1,-1,-1,-1,nan,0.5167,0.4607,1
789,1403715312.712143183,3.7606,3.7568,nan,-1,-1,-1,-1,-1,-1,nan,0.5995,0.5464,1
790,1403715312.762143135,16.4648,16.4462,nan,-1,-1,-1,-1,-1,-1,nan,13.2881,13.2372,1
791,1403715312.812143087,3.6487,3.6397,nan,-1,-1,-1,-1,-1,-1,nan,0.3788,0.3248,1
792,1403715312.862143040,3.8095,3.7565,nan,-1,-1,-1,-1,-1,-1,nan,0.4874,0.4357,1
793,1403715312.912143230,3.5174,3.5141,nan,-1,-1,-1,-1,-1,-1,nan,0.5818,0.5294,1
794,1403715312.962142944,16.2969,16.2915,nan,-1,-1,-1,-1,-1,-1,nan,13.3471,13.2919,1
795,1403715313.012143135,3.2428,3.2469,nan,-1,-1,-1,-1,-1,-1,nan,0.3245,0.2788,1
796,1403715313.062143087,3.3968,3.3946,nan,-1,-1,-1,-1,-1,-1,nan,0.4424,0.3924,1
797,1403715313.112143278,3.6508,3.6264,nan,-1,-1,-1,-1,-1,-1,nan,0.4655,0.4324,1
798,1403715313.162142992,15.4667,15.4703,nan,-1,-1,-1,-1,-1,-1,nan,12.7392,12.7046,1
799,1403715313.212143183,3.0976,3.0944,nan,-1,-1,-1,-1,-1,-1,nan,0.2688,0.2283,1
800,1403715313.262143135,3.2355,3.2394,nan,-1,-1,-1,-1,-1,-1,nan,0.3465,0.3096,1
801,1403715313.312143087,3.4002,3.3899,nan,-1,-1,-1,-1,-1,-1,nan,0.4688,0.4283,1
802,1403715313.362143040,14.9367,14.9403,nan,-1,-1,-1,-1,-1,-1,nan,12.2095,12.1657,1
803,1403715313.412143230,3.0730,3.0769,nan,-1,-1,-1,-1,-1,-1,nan,0.2665,0.2276,1
804,1403715313.462142944,3.1786,3.1825,nan,-1,-1,-1,-1,-1,-1,nan,0.3468,0.3100,1
805,1403715313.512143135,3.2613,3.2652,nan,-1,-1,-1,-1,-1,-1,nan,0.4490,0.4114,1
806,1403715313.562143087,15.6295,15.6241,nan,-1,-1,-1,-1,-1,-1,nan,12.6511,12.6118,1
807,1403715313.612143278,3.3047,3.2870,nan,-1,-1,-1,-1,-1,-1,nan,0.3064,0.2584,1
808,1403715313.662142992,3.2728,3.2671,nan,-1,-1,-1,-1,-1,-1,nan,0.4173,0.3700,1
809,1403715313.712143183,3.3643,3.3631,nan,-1,-1,-1,-1,-1,-1,nan,0.4980,0.4561,1
810,1403715313.762143135,14.7446,14.7008,nan,-1,-1,-1,-1,-1,-1,nan,11.6196,11.5721,1
811,1403715313.812143087,3.3397,3.3198,nan,-1,-1,-1,-1,-1,-1,nan,0.3031,0.2603,1
812,1403715313.862143040,3.2461,3.2457,nan,-1,-1,-1,-1,-1,-1,nan,0.3927,0.3497,1
813,1403715313.912143230,3.5418,3.4877,nan,-1,-1,-1,-1,-1,-1,nan,0.4726,0.4326,1
814,1403715313.962142944,14.2048,14.1964,nan,-1,-1,-1,-1,-1,-1,nan,11.2664,11.2275,1
815,1403715314.012143135,3.1619,3.1655,nan,-1,-1,-1,-1,-1,-1,nan,0.2785,0.2328,1
816,1403715314.062143087,3.3731,3.3764,nan,-1,-1,-1,-1,-1,-1,nan,0.4061,0.3643,1
817,1403715314.112143278,3.3865,3.3902,nan,-1,-1,-1,-1,-1,-1,nan,0.4845,0.4464,1
818,1403715314.162142992,14.0455,14.0341,nan,-1,-1,-1,-1,-1,-1,nan,11.0110,10.9725,1
819,1403715314.212143183,3.1318,3.1357,nan,-1,-1,-1,-1,-1,-1,nan,0.2625,0.2207,1
820,1403715314.262143135,3.1704,3.1745,nan,-1,-1,-1,-1,-1,-1,nan,0.3503,0.3128,1
821,1403715314.312143087,3.5315,3.5138,nan,-1,-1,-1,-1,-1,-1,nan,0.4708,0.4206,1
822,1403715314.362143040,13.8696,13.8733,nan,-1,-1,-1,-1,-1,-1,nan,11.0510,11.0160,1
823,1403715314.412143230,3.4365,3.4168,nan,-1,-1,-1,-1,-1,-1,nan,0.2885,0.2428,1
824,1403715314.462142944,3.2951,3.2989,nan,-1,-1,-1,-1,-1,-1,nan,0.3870,0.3468,1
825,1403715314.512143135,3.4214,3.4168,nan,-1,-1,-1,-1,-1,-1,nan,0.4899,0.4456,1
826,1403715314.562143087,13.8234,13.8270,nan,-1,-1,-1,-1,-1,-1,nan,10.9547,10.9173,1
827,1403715314.612143278,3.1898,3.1936,nan,-1,-1,-1,-1,-1,-1,nan,0.3188,0.2726,1
828,1403715314.662142992,3.2123,3.2167,nan,-1,-1,-1,-1,-1,-1,nan,0.4061,0.3664,1
829,1403715314.712143183,3.5506,3.5171,nan,-1,-1,-1,-1,-1,-1,nan,0.5352,0.4947,1
830,1403715314.762143135,13.9950,13.9825,nan,-1,-1,-1,-1,-1,-1,nan,11.0110,10.9720,1
831,1403715314.812143087,3.1204,3.1245,nan,-1,-1,-1,-1,-1,-1,nan,0.3037,0.2633,1
832,1403715314.862143040,3.2283,3.2318,nan,-1,-1,-1,-1,-1,-1,nan,0.4170,0.3669,1
833,1403715314.912143230,3.3384,3.3425,nan,-1,-1,-1,-1,-1,-1,nan,0.5184,0.4811,1
834,1403715314.962142944,13.7029,13.7070,nan,-1,-1,-1,-1,-1,-1,nan,10.8203,10.7720,1
835,1403715315.012143135,3.2000,3.2043,nan,-1,-1,-1,-1,-1,-1,nan,0.2925,0.2520,1
836,1403715315.062143087,3.4274,3.4214,nan,-1,-1,-1,-1,-1,-1,nan,0.4363,0.3994,1
837,1403715315.112143278,3.2869,3.2906,nan,-1,-1,-1,-1,-1,-1,nan,0.5216,0.4767,1
838,1403715315.162142992,13.9202,13.9240,nan,-1,-1,-1,-1,-1,-1,nan,11.0315,10.9940,1
839,1403715315.212143183,3.2181,3.2243,nan,-1,-1,-1,-1,-1,-1,nan,0.2853,0.2474,1
840,1403715315.262143135,3.3367,3.3402,nan,-1,-1,-1,-1,-1,-1,nan,0.4076,0.3686,1
841,1403715315.312143087,3.3685,3.3721,nan,-1,-1,-1,-1,-1,-1,nan,0.5313,0.4915,1
842,1403715315.362143040,14.2582,14.2617,nan,-1,-1,-1,-1,-1,-1,nan,11.3848,11.3442,1
843,1403715315.412143230,3.2330,3.2367,nan,-1,-1,-1,-1,-1,-1,nan,0.3425,0.2965,1
844,1403715315.462142944,3.4184,3.4223,nan,-1,-1,-1,-1,-1,-1,nan,0.4829,0.4352,1
845,1403715315.512143135,3.5497,3.5534,nan,-1,-1,-1,-1,-1,-1,nan,0.5783,0.5335,1
846,1403715315.562143087,14.8573,14.7840,nan,-1,-1,-1,-1,-1,-1,nan,11.6091,11.5633,1
847,1403715315.612143278,3.6474,3.6333,nan,-1,-1,-1,-1,-1,-1,nan,0.3387,0.2911,1
848,1403715315.662142992,3.4013,3.4050,nan,-1,-1,-1,-1,-1,-1,nan,0.4963,0.4500,1
849,1403715315.712143183,3.6455,3.6497,nan,-1,-1,-1,-1,-1,-1,nan,0.5645,0.5228,1
850,1403715315.762143135,14.4933,14.4973,nan,-1,-1,-1,-1,-1,-1,nan,11.5998,11.5574,1
851,1403715315.812143087,3.6046,3.5863,nan,-1,-1,-1,-1,-1,-1,nan,0.3362,0.2877,1
852,1403715315.862143040,3.3150,3.3185,nan,-1,-1,-1,-1,-1,-1,nan,0.4385,0.3973,1
853,1403715315.912143230,3.4356,3.4391,nan,-1,-1,-1,-1,-1,-1,nan,0.5786,0.5387,1
854,1403715315.962142944,14.4855,14.4890,nan,-1,-1,-1,-1,-1,-1,nan,11.5693,11.5220,1
855,1403715316.012143135,3.5840,3.5611,nan,-1,-1,-1,-1,-1,-1,nan,0.3032,0.2617,1
856,1403715316.062143087,3.4831,3.4870,nan,-1,-1,-1,-1,-1,-1,nan,0.4300,0.3865,1
857,1403715316.112143278,3.5712,3.5746,nan,-1,-1,-1,-1,-1,-1,nan,0.5495,0.5077,1
858,1403715316.162142992,14.3843,14.3881,nan,-1,-1,-1,-1,-1,-1,nan,11.3552,11.3109,1
859,1403715316.212143183,3.3991,3.4029,nan,-1,-1,-1,-1,-1,-1,nan,0.3156,0.2707,1
860,1403715316.262143135,3.4511,3.4547,nan,-1,-1,-1,-1,-1,-1,nan,0.3953,0.3571,1
861,1403715316.312143087,3.6836,3.6872,nan,-1,-1,-1,-1,-1,-1,nan,0.5204,0.4742,1
862,1403715316.362143040,14.8468,14.7297,nan,-1,-1,-1,-1,-1,-1,nan,11.2665,11.2218,1
863,1403715316.412143230,3.7977,3.7842,nan,-1,-1,-1,-1,-1,-1,nan,0.3264,0.2801,1
864,1403715316.462142944,4.0484,4.0167,nan,-1,-1,-1,-1,-1,-1,nan,0.4590,0.4002,1
865,1403715316.512143135,3.8998,3.9035,nan,-1,-1,-1,-1,-1,-1,nan,0.6307,0.5782,1
866,1403715316.562143087,14.9651,14.9632,nan,-1,-1,-1,-1,-1,-1,nan,11.5796,11.5282,1
867,1403715316.612143278,3.8502,3.8452,nan,-1,-1,-1,-1,-1,-1,nan,0.4428,0.3841,1
868,1403715316.662142992,4.1057,4.0941,nan,-1,-1,-1,-1,-1,-1,nan,0.5563,0.4980,1
869,1403715316.712143183,4.5500,4.4819,nan,-1,-1,-1,-1,-1,-1,nan,0.7950,0.7315,1
870,1403715316.762143135,15.4649,15.4680,nan,-1,-1,-1,-1,-1,-1,nan,12.0247,11.9716,1
871,1403715316.812143087,4.1689,4.1430,nan,-1,-1,-1,-1,-1,-1,nan,0.4300,0.3722,1
872,1403715316.862143040,3.9291,3.9330,nan,-1,-1,-1,-1,-1,-1,nan,0.5408,0.4892,1
873,1403715316.912143230,4.0943,4.0979,nan,-1,-1,-1,-1,-1,-1,nan,0.7012,0.6465,1
874,1403715316.962142944,15.3370,15.3408,nan,-1,-1,-1,-1,-1,-1,nan,11.8476,11.7863,1
875,1403715317.012143135,3.8874,3.8912,nan,-1,-1,-1,-1,-1,-1,nan,0.4133,0.3525,1
876,1403715317.062143087,3.9866,3.9903,nan,-1,-1,-1,-1,-1,-1,nan,0.5245,0.4704,1
877,1403715317.112143278,4.2248,4.2284,nan,-1,-1,-1,-1,-1,-1,nan,0.6608,0.6044,1
878,1403715317.162142992,15.2118,15.2157,nan,-1,-1,-1,-1,-1,-1,nan,11.8442,11.7917,1
879,1403715317.212143183,3.8208,3.8243,nan,-1,-1,-1,-1,-1,-1,nan,0.4184,0.3590,1
880,1403715317.262143135,4.1763,4.1663,nan,-1,-1,-1,-1,-1,-1,nan,0.5696,0.5117,1
881,1403715317.312143087,4.3351,4.3203,nan,-1,-1,-1,-1,-1,-1,nan,0.6976,0.6357,1
882,1403715317.362143040,15.6861,15.6669,nan,-1,-1,-1,-1,-1,-1,nan,11.9975,11.9394,1
883,1403715317.412143230,3.9292,3.8225,nan,-1,-1,-1,-1,-1,-1,nan,0.4453,0.3834,1
884,1403715317.462142944,4.0545,4.0520,nan,-1,-1,-1,-1,-1,-1,nan,0.6009,0.5401,1
885,1403715317.512143135,4.1510,4.1570,nan,-1,-1,-1,-1,-1,-1,nan,0.7134,0.6541,1
886,1403715317.562143087,15.3828,15.3865,nan,-1,-1,-1,-1,-1,-1,nan,11.9782,11.9216,1
887,1403715317.612143278,4.2355,4.2239,nan,-1,-1,-1,-1,-1,-1,nan,0.4690,0.3932,1
888,1403715317.662142992,3.9876,3.9944,nan,-1,-1,-1,-1,-1,-1,nan,0.5527,0.4953,1
889,1403715317.712143183,4.2749,4.2711,nan,-1,-1,-1,-1,-1,-1,nan,0.7103,0.6495,1
890,1403715317.762143135,15.4906,15.4905,nan,-1,-1,-1,-1,-1,-1,nan,11.9052,11.8470,1
891,1403715317.812143087,4.0063,3.9919,nan,-1,-1,-1,-1,-1,-1,nan,0.4321,0.3727,1
892,1403715317.862143040,4.2047,4.2087,nan,-1,-1,-1,-1,-1,-1,nan,0.5978,0.5357,1
893,1403715317.912143230,4.3290,4.3070,nan,-1,-1,-1,-1,-1,-1,nan,0.7217,0.6607,1
894,1403715317.962142944,15.6103,15.6123,nan,-1,-1,-1,-1,-1,-1,nan,12.0658,12.0078,1
895,1403715318.012143135,4.0828,4.0794,nan,-1,-1,-1,-1,-1,-1,nan,0.4132,0.3536,1
896,1403715318.062143087,4.1158,4.1160,nan,-1,-1,-1,-1,-1,-1,nan,0.5189,0.4623,1
897,1403715318.112143278,4.2738,4.2715,nan,-1,-1,-1,-1,-1,-1,nan,0.6471,0.5900,1
898,1403715318.162142992,15.5782,15.5817,nan,-1,-1,-1,-1,-1,-1,nan,11.9816,11.9208,1
899,1403715318.212143183,4.1281,4.1113,nan,-1,-1,-1,-1,-1,-1,nan,0.4049,0.3442,1
900,1403715318.262143135,4.4177,4.4013,nan,-1,-1,-1,-1,-1,-1,nan,0.5682,0.5078,1
901,1403715318.312143087,4.4542,4.4503,nan,-1,-1,-1,-1,-1,-1,nan,0.7714,0.6990,1
902,1403715318.362143040,16.5202,16.5132,nan,-1,-1,-1,-1,-1,-1,nan,12.7416,12.6694,1
903,1403715318.412143230,4.1452,4.1428,nan,-1,-1,-1,-1,-1,-1,nan,0.4493,0.3779,1
904,1403715318.462142944,4.3918,4.3957,nan,-1,-1,-1,-1,-1,-1,nan,0.6610,0.5790,1
905,1403715318.512143135,4.7225,4.6790,nan,-1,-1,-1,-1,-1,-1,nan,0.7988,0.7243,1
906,1403715318.562143087,17.0991,17.1001,nan,-1,-1,-1,-1,-1,-1,nan,13.4060,13.3322,1
907,1403715318.612143278,4.1846,4.1883,nan,-1,-1,-1,-1,-1,-1,nan,0.4625,0.3904,1
908,1403715318.662142992,4.4177,4.4185,nan,-1,-1,-1,-1,-1,-1,nan,0.6385,0.5655,1
909,1403715318.712143183,4.5777,4.5738,nan,-1,-1,-1,-1,-1,-1,nan,0.7571,0.6857,1
910,1403715318.762143135,16.9328,16.9260,nan,-1,-1,-1,-1,-1,-1,nan,13.2769,13.2092,1
911,1403715318.812143087,4.3174,4.3133,nan,-1,-1,-1,-1,-1,-1,nan,0.4475,0.3785,1
912,1403715318.862143040,4.3035,4.3077,nan,-1,-1,-1,-1,-1,-1,nan,0.6165,0.5453,1
913,1403715318.912143230,4.5770,4.5763,nan,-1,-1,-1,-1,-1,-1,nan,0.8087,0.7296,1
914,1403715318.962142944,17.0822,17.0828,nan,-1,-1,-1,-1,-1,-1,nan,13.3747,13.3075,1
915,1403715319.012143135,4.1387,4.1315,nan,-1,-1,-1,-1,-1,-1,nan,0.4470,0.3780,1
916,1403715319.062143087,4.3259,4.3243,nan,-1,-1,-1,-1,-1,-1,nan,0.6102,0.5435,1
917,1403715319.112143278,4.6563,4.6343,nan,-1,-1,-1,-1,-1,-1,nan,0.7381,0.6701,1
918,1403715319.162142992,17.2746,17.2718,nan,-1,-1,-1,-1,-1,-1,nan,13.5603,13.4941,1
919,1403715319.212143183,4.0196,4.0233,nan,-1,-1,-1,-1,-1,-1,nan,0.4642,0.3984,1
920,1403715319.262143135,4.4600,4.4528,nan,-1,-1,-1,-1,-1,-1,nan,0.6231,0.5446,1
921,1403715319.312143087,4.7219,4.7168,nan,-1,-1,-1,-1,-1,-1,nan,0.7876,0.7249,1
922,1403715319.362143040,17.7197,17.7082,nan,-1,-1,-1,-1,-1,-1,nan,13.9102,13.8429,1
923,1403715319.412143230,4.4228,4.4173,nan,-1,-1,-1,-1,-1,-1,nan,0.4872,0.4195,1
924,1403715319.462142944,4.6683,4.6600,nan,-1,-1,-1,-1,-1,-1,nan,0.6210,0.5575,1
925,1403715319.512143135,4.8714,4.8597,nan,-1,-1,-1,-1,-1,-1,nan,0.7907,0.7215,1
926,1403715319.562143087,18.1119,18.0975,nan,-1,-1,-1,-1,-1,-1,nan,14.0698,14.0085,1
927,1403715319.612143278,4.3923,4.3891,nan,-1,-1,-1,-1,-1,-1,nan,0.4801,0.4150,1
928,1403715319.662142992,4.6973,4.7010,nan,-1,-1,-1,-1,-1,-1,nan,0.6489,0.5883,1
929,1403715319.712143183,5.0219,5.0137,nan,-1,-1,-1,-1,-1,-1,nan,0.9271,0.8633,1
930,1403715319.762143135,18.3579,18.3490,nan,-1,-1,-1,-1,-1,-1,nan,14.1732,14.1055,1
931,1403715319.812143087,4.6621,4.6211,nan,-1,-1,-1,-1,-1,-1,nan,0.4974,0.4294,1
932,1403715319.862143040,4.9360,4.9113,nan,-1,-1,-1,-1,-1,-1,nan,0.7007,0.6305,1
933,1403715319.912143230,5.2125,5.2039,nan,-1,-1,-1,-1,-1,-1,nan,1.0319,0.9599,1
934,1403715319.962142944,39.9238,39.9186,nan,-1,-1,-1,-1,-1,-1,nan,35.8081,35.7346,1
935,1403715320.012143135,4.6396,4.6434,nan,-1,-1,-1,-1,-1,-1,nan,0.5685,0.4894,1
936,1403715320.062143087,5.0537,5.0576,nan,-1,-1,-1,-1,-1,-1,nan,0.7784,0.7003,1
937,1403715320.112143278,5.7973,5.7033,nan,-1,-1,-1,-1,-1,-1,nan,1.1330,1.0518,1
938,1403715320.162142992,19.6340,19.6117,nan,-1,-1,-1,-1,-1,-1,nan,15.2520,15.1743,1
939,1403715320.212143183,4.9711,4.9686,nan,-1,-1,-1,-1,-1,-1,nan,0.6099,0.5190,1
940,1403715320.262143135,4.9182,4.9157,nan,-1,-1,-1,-1,-1,-1,nan,0.7730,0.6925,1
941,1403715320.312143087,5.1712,5.1715,nan,-1,-1,-1,-1,-1,-1,nan,1.1320,1.0533,1
942,1403715320.362143040,27.2276,27.2032,nan,-1,-1,-1,-1,-1,-1,nan,22.9304,22.8448,1
943,1403715320.412143230,4.7457,4.7338,nan,-1,-1,-1,-1,-1,-1,nan,0.5688,0.4859,1
944,1403715320.462142944,4.9639,4.9559,nan,-1,-1,-1,-1,-1,-1,nan,0.7947,0.7102,1
945,1403715320.512143135,5.0986,5.0975,nan,-1,-1,-1,-1,-1,-1,nan,0.9571,0.8778,1
946,1403715320.562143087,20.0522,20.0507,nan,-1,-1,-1,-1,-1,-1,nan,15.5792,15.4968,1
947,1403715320.612143278,5.0699,5.0564,nan,-1,-1,-1,-1,-1,-1,nan,0.5751,0.4913,1
948,1403715320.662142992,5.1982,5.1835,nan,-1,-1,-1,-1,-1,-1,nan,0.7542,0.6700,1
949,1403715320.712143183,5.6295,5.4769,nan,-1,-1,-1,-1,-1,-1,nan,1.1372,1.0531,1
950,1403715320.762143135,19.9314,19.9353,nan,-1,-1,-1,-1,-1,-1,nan,15.8224,15.7427,1
951,1403715320.812143087,4.6728,4.6459,nan,-1,-1,-1,-1,-1,-1,nan,0.5307,0.4412,1
952,1403715320.862143040,5.3365,5.2962,nan,-1,-1,-1,-1,-1,-1,nan,0.7078,0.6251,1
953,1403715320.912143230,5.1754,5.1596,nan,-1,-1,-1,-1,-1,-1,nan,0.9285,0.8361,1
954,1403715320.962142944,27.1842,27.1793,nan,-1,-1,-1,-1,-1,-1,nan,22.9504,22.8676,1
955,1403715321.012143135,4.6567,4.6528,nan,-1,-1,-1,-1,-1,-1,nan,0.5295,0.4464,1
956,1403715321.062143087,5.4080,5.3658,nan,-1,-1,-1,-1,-1,-1,nan,0.7398,0.6564,1
957,1403715321.112143278,5.2373,5.2232,nan,-1,-1,-1,-1,-1,-1,nan,0.9217,0.8345,1
958,1403715321.162142992,50.0943,50.0937,nan,-1,-1,-1,-1,-1,-1,nan,45.9221,45.8385,1
959,1403715321.212143183,4.7811,4.7731,nan,-1,-1,-1,-1,-1,-1,nan,0.5012,0.4222,1
960,1403715321.262143135,4.8794,4.8696,nan,-1,-1,-1,-1,-1,-1,nan,0.7092,0.6280,1
961,1403715321.312143087,5.1565,5.1501,nan,-1,-1,-1,-1,-1,-1,nan,1.0683,0.9889,1
962,1403715321.362143040,18.7736,18.7582,nan,-1,-1,-1,-1,-1,-1,nan,14.7044,14.6233,1
963,1403715321.412143230,4.7171,4.6900,nan,-1,-1,-1,-1,-1,-1,nan,0.5058,0.4237,1
964,1403715321.462142944,4.8116,4.8081,nan,-1,-1,-1,-1,-1,-1,nan,0.7184,0.6422,1
965,1403715321.512143135,5.0345,5.0335,nan,-1,-1,-1,-1,-1,-1,nan,0.8958,0.8171,1
966,1403715321.562143087,18.7638,18.7592,nan,-1,-1,-1,-1,-1,-1,nan,14.7432,14.6634,1
967,1403715321.612143278,4.8775,4.8585,nan,-1,-1,-1,-1,-1,-1,nan,0.5010,0.4239,1
968,1403715321.662142992,4.9698,4.9607,nan,-1,-1,-1,-1,-1,-1,nan,0.6873,0.6134,1
969,1403715321.712143183,5.0843,5.0658,nan,-1,-1,-1,-1,-1,-1,nan,0.9160,0.8370,1
970,1403715321.762143135,18.7187,18.7228,nan,-1,-1,-1,-1,-1,-1,nan,14.7347,14.6599,1
971,1403715321.812143087,4.5285,4.5322,nan,-1,-1,-1,-1,-1,-1,nan,0.4735,0.3989,1
972,1403715321.862143040,4.8104,4.7884,nan,-1,-1,-1,-1,-1,-1,nan,0.6551,0.5778,1
973,1403715321.912143230,4.8860,4.8753,nan,-1,-1,-1,-1,-1,-1,nan,0.8375,0.7617,1
974,1403715321.962142944,18.5138,18.5178,nan,-1,-1,-1,-1,-1,-1,nan,14.5479,14.4747,1
975,1403715322.012143135,4.4359,4.4398,nan,-1,-1,-1,-1,-1,-1,nan,0.4535,0.3791,1
976,1403715322.062143087,4.5681,4.5721,nan,-1,-1,-1,-1,-1,-1,nan,0.6365,0.5654,1
977,1403715322.112143278,4.9556,4.9520,nan,-1,-1,-1,-1,-1,-1,nan,0.9917,0.9220,1
978,1403715322.162142992,18.3073,18.2643,nan,-1,-1,-1,-1,-1,-1,nan,14.3732,14.3062,1
979,1403715322.212143183,4.3728,4.3760,nan,-1,-1,-1,-1,-1,-1,nan,0.4272,0.3565,1
980,1403715322.262143135,4.5441,4.5479,nan,-1,-1,-1,-1,-1,-1,nan,0.5894,0.5284,1
981,1403715322.312143087,4.6687,4.6683,nan,-1,-1,-1,-1,-1,-1,nan,0.7333,0.6706,1
982,1403715322.362143040,18.3798,18.3836,nan,-1,-1,-1,-1,-1,-1,nan,14.3915,14.3301,1
983,1403715322.412143230,4.4495,4.4533,nan,-1,-1,-1,-1,-1,-1,nan,0.4138,0.3484,1
984,1403715322.462142944,4.7156,4.6826,nan,-1,-1,-1,-1,-1,-1,nan,0.5440,0.4792,1
985,1403715322.512143135,4.4378,4.4347,nan,-1,-1,-1,-1,-1,-1,nan,0.6219,0.5637,1
986,1403715322.562143087,18.2347,18.2326,nan,-1,-1,-1,-1,-1,-1,nan,14.4071,14.3498,1
987,1403715322.612143278,4.3434,4.3357,nan,-1,-1,-1,-1,-1,-1,nan,0.3965,0.3349,1
988,1403715322.662142992,4.4280,4.4209,nan,-1,-1,-1,-1,-1,-1,nan,0.5350,0.4742,1
989,1403715322.712143183,4.2428,4.2467,nan,-1,-1,-1,-1,-1,-1,nan,0.6203,0.5672,1
990,1403715322.762143135,17.9770,17.9630,nan,-1,-1,-1,-1,-1,-1,nan,14.3941,14.3364,1
991,1403715322.812143087,4.1460,4.1420,nan,-1,-1,-1,-1,-1,-1,nan,0.4173,0.3589,1
992,1403715322.862143040,4.2078,4.2136,nan,-1,-1,-1,-1,-1,-1,nan,0.5457,0.4902,1
993,1403715322.912143230,4.4859,4.4864,nan,-1,-1,-1,-1,-1,-1,nan,0.6621,0.6072,1
994,1403715322.962142944,18.3173,18.3162,nan,-1,-1,-1,-1,-1,-1,nan,14.4463,14.3842,1
995,1403715323.012143135,4.3878,4.3750,nan,-1,-1,-1,-1,-1,-1,nan,0.4479,0.3815,1
996,1403715323.062143087,4.6256,4.5988,nan,-1,-1,-1,-1,-1,-1,nan,0.5802,0.5173,1
997,1403715323.112143278,4.5889,4.5926,nan,-1,-1,-1,-1,-1,-1,nan,0.6900,0.6272,1
998,1403715323.162142992,17.9955,17.9996,nan,-1,-1,-1,-1,-1,-1,nan,14.2303,14.1671,1
999,1403715323.212143183,4.3900,4.3508,nan,-1,-1,-1,-1,-1,-1,nan,0.4160,0.3470,1
1000,1403715323.262143135,4.3504,4.3420,nan,-1,-1,-1,-1,-1,-1,nan,0.5428,0.4796,1
1001,1403715323.312143087,4.5000,4.4940,nan,-1,-1,-1,-1,-1,-1,nan,0.6586,0.5931,1
1002,1403715323.362143040,17.3630,17.3635,nan,-1,-1,-1,-1,-1,-1,nan,13.5517,13.4881,1
1003,1403715323.412143230,4.2817,4.2853,nan,-1,-1,-1,-1,-1,-1,nan,0.3899,0.3243,1
1004,1403715323.462142944,4.3988,4.3860,nan,-1,-1,-1,-1,-1,-1,nan,0.5236,0.4545,1
1005,1403715323.512143135,4.5670,4.5663,nan,-1,-1,-1,-1,-1,-1,nan,0.6564,0.5900,1
1006,1403715323.562143087,16.9112,16.9077,nan,-1,-1,-1,-1,-1,-1,nan,13.0726,13.0040,1
1007,1403715323.612143278,4.1266,4.1262,nan,-1,-1,-1,-1,-1,-1,nan,0.3765,0.3103,1
1008,1403715323.662142992,4.1273,4.1315,nan,-1,-1,-1,-1,-1,-1,nan,0.4972,0.4280,1
1009,1403715323.712143183,4.7040,4.6780,nan,-1,-1,-1,-1,-1,-1,nan,0.6932,0.6204,1
1010,1403715323.762143135,16.2464,16.2305,nan,-1,-1,-1,-1,-1,-1,nan,12.4649,12.3941,1
1011,1403715323.812143087,4.1197,4.1235,nan,-1,-1,-1,-1,-1,-1,nan,0.3852,0.3137,1
1012,1403715323.862143040,4.1299,4.1337,nan,-1,-1,-1,-1,-1,-1,nan,0.4913,0.4223,1
1013,1403715323.912143230,4.3219,4.3206,nan,-1,-1,-1,-1,-1,-1,nan,0.6125,0.5414,1
1014,1403715323.962142944,15.6577,15.6615,nan,-1,-1,-1,-1,-1,-1,nan,11.9861,11.9175,1
1015,1403715324.012143135,4.7593,4.7488,nan,-1,-1,-1,-1,-1,-1,nan,0.6060,0.4645,1
1016,1403715324.062143087,5.2616,5.2220,nan,-1,-1,-1,-1,-1,-1,nan,0.5150,0.4403,1
1017,1403715324.112143278,4.5621,4.5635,nan,-1,-1,-1,-1,-1,-1,nan,0.6582,0.5640,1
1018,1403715324.162142992,16.0500,16.0483,nan,-1,-1,-1,-1,-1,-1,nan,12.2046,12.1325,1
1019,1403715324.212143183,4.2979,4.2961,nan,-1,-1,-1,-1,-1,-1,nan,0.4518,0.3803,1
1020,1403715324.262143135,4.3992,4.3946,nan,-1,-1,-1,-1,-1,-1,nan,0.5655,0.4997,1
1021,1403715324.312143087,4.4143,4.4025,nan,-1,-1,-1,-1,-1,-1,nan,0.6512,0.5880,1
1022,1403715324.362143040,15.4287,15.4308,nan,-1,-1,-1,-1,-1,-1,nan,11.6485,11.5836,1
1023,1403715324.412143230,4.0804,4.0837,nan,-1,-1,-1,-1,-1,-1,nan,0.3705,0.3034,1
1024,1403715324.462142944,4.1780,4.1821,nan,-1,-1,-1,-1,-1,-1,nan,0.4943,0.4286,1
1025,1403715324.512143135,4.5836,4.5873,nan,-1,-1,-1,-1,-1,-1,nan,0.6441,0.5756,1
1026,1403715324.562143087,15.5130,15.5163,nan,-1,-1,-1,-1,-1,-1,nan,11.6265,11.5625,1
1027,1403715324.612143278,4.1617,4.1653,nan,-1,-1,-1,-1,-1,-1,nan,0.4080,0.3387,1
1028,1403715324.662142992,4.3281,4.3258,nan,-1,-1,-1,-1,-1,-1,nan,0.5290,0.4616,1
1029,1403715324.712143183,4.4869,4.4757,nan,-1,-1,-1,-1,-1,-1,nan,0.7859,0.7182,1
1030,1403715324.762143135,16.0824,16.0507,nan,-1,-1,-1,-1,-1,-1,nan,11.9599,11.8898,1
1031,1403715324.812143087,4.1272,4.1183,nan,-1,-1,-1,-1,-1,-1,nan,0.3999,0.3298,1
1032,1403715324.862143040,4.3867,4.3823,nan,-1,-1,-1,-1,-1,-1,nan,0.5737,0.5053,1
1033,1403715324.912143230,4.5413,4.5453,nan,-1,-1,-1,-1,-1,-1,nan,0.7673,0.6675,1
1034,1403715324.962142944,16.2216,16.2209,nan,-1,-1,-1,-1,-1,-1,nan,12.3199,12.2463,1
1035,1403715325.012143135,4.3875,4.3613,nan,-1,-1,-1,-1,-1,-1,nan,0.4059,0.3374,1
1036,1403715325.062143087,4.4558,4.4597,nan,-1,-1,-1,-1,-1,-1,nan,0.5432,0.4754,1
1037,1403715325.112143278,4.4167,4.4204,nan,-1,-1,-1,-1,-1,-1,nan,0.7076,0.6391,1
1038,1403715325.162142992,16.8924,16.8965,nan,-1,-1,-1,-1,-1,-1,nan,13.1628,13.0935,1
1039,1403715325.212143183,4.5694,4.5260,nan,-1,-1,-1,-1,-1,-1,nan,0.4316,0.3504,1
1040,1403715325.262143135,4.4897,4.4935,nan,-1,-1,-1,-1,-1,-1,nan,0.5866,0.5133,1
1041,1403715325.312143087,5.2439,5.1308,nan,-1,-1,-1,-1,-1,-1,nan,0.7393,0.6647,1
1042,1403715325.362143040,16.8654,16.8575,nan,-1,-1,-1,-1,-1,-1,nan,13.0188,12.9472,1
1043,1403715325.412143230,4.4620,4.4269,nan,-1,-1,-1,-1,-1,-1,nan,0.4372,0.3568,1
1044,1403715325.462142944,4.4196,4.4241,nan,-1,-1,-1,-1,-1,-1,nan,0.6013,0.5322,1
1045,1403715325.512143135,4.4220,4.4254,nan,-1,-1,-1,-1,-1,-1,nan,0.7680,0.7023,1
1046,1403715325.562143087,17.1052,17.1035,nan,-1,-1,-1,-1,-1,-1,nan,13.0843,13.0205,1
1047,1403715325.612143278,4.1530,4.1565,nan,-1,-1,-1,-1,-1,-1,nan,0.4346,0.3662,1
1048,1403715325.662142992,4.3590,4.3595,nan,-1,-1,-1,-1,-1,-1,nan,0.5790,0.5205,1
1049,1403715325.712143183,4.5047,4.5051,nan,-1,-1,-1,-1,-1,-1,nan,0.7688,0.7085,1
1050,1403715325.762143135,17.2136,17.2109,nan,-1,-1,-1,-1,-1,-1,nan,13.4061,13.3440,1
1051,1403715325.812143087,4.2748,4.2785,nan,-1,-1,-1,-1,-1,-1,nan,0.4521,0.3924,1
1052,1403715325.862143040,4.6417,4.6460,nan,-1,-1,-1,-1,-1,-1,nan,0.6673,0.5959,1
1053,1403715325.912143230,5.0007,4.8942,nan,-1,-1,-1,-1,-1,-1,nan,0.9636,0.9009,1
1054,1403715325.962142944,17.7124,17.7162,nan,-1,-1,-1,-1,-1,-1,nan,13.9497,13.8765,1
1055,1403715326.012143135,4.4950,4.4867,nan,-1,-1,-1,-1,-1,-1,nan,0.4738,0.4122,1
1056,1403715326.062143087,4.4406,4.4327,nan,-1,-1,-1,-1,-1,-1,nan,0.6636,0.6017,1
1057,1403715326.112143278,4.8043,4.7565,nan,-1,-1,-1,-1,-1,-1,nan,0.8433,0.7827,1
1058,1403715326.162142992,18.8007,18.7655,nan,-1,-1,-1,-1,-1,-1,nan,14.8314,14.7704,1
1059,1403715326.212143183,4.2488,4.2475,nan,-1,-1,-1,-1,-1,-1,nan,0.5166,0.4507,1
1060,1403715326.262143135,4.4924,4.4899,nan,-1,-1,-1,-1,-1,-1,nan,0.8228,0.7563,1
1061,1403715326.312143087,4.7853,4.7794,nan,-1,-1,-1,-1,-1,-1,nan,1.0259,0.9677,1
1062,1403715326.362143040,18.7811,18.7783,nan,-1,-1,-1,-1,-1,-1,nan,15.2463,15.1902,1
1063,1403715326.412143230,4.2282,4.2134,nan,-1,-1,-1,-1,-1,-1,nan,0.5292,0.4697,1
1064,1403715326.462142944,4.2060,4.2095,nan,-1,-1,-1,-1,-1,-1,nan,0.7126,0.6550,1
1065,1403715326.512143135,4.6213,4.6250,nan,-1,-1,-1,-1,-1,-1,nan,1.1324,1.0685,1
1066,1403715326.562143087,19.2140,19.2147,nan,-1,-1,-1,-1,-1,-1,nan,15.6974,15.6385,1
1067,1403715326.612143278,4.0687,4.0707,nan,-1,-1,-1,-1,-1,-1,nan,0.5232,0.4633,1
1068,1403715326.662142992,4.3460,4.3430,nan,-1,-1,-1,-1,-1,-1,nan,0.8406,0.7815,1
1069,1403715326.712143183,4.9207,4.8849,nan,-1,-1,-1,-1,-1,-1,nan,1.1467,1.0703,1
1070,1403715326.762143135,27.2100,27.2138,nan,-1,-1,-1,-1,-1,-1,nan,23.7500,23.6865,1
1071,1403715326.812143087,4.1887,4.1365,nan,-1,-1,-1,-1,-1,-1,nan,0.5892,0.5222,1
1072,1403715326.862143040,4.3109,4.3145,nan,-1,-1,-1,-1,-1,-1,nan,0.8632,0.7989,1
1073,1403715326.912143230,4.7144,4.7118,nan,-1,-1,-1,-1,-1,-1,nan,1.1004,1.0320,1
1074,1403715326.962142944,19.8136,19.7985,nan,-1,-1,-1,-1,-1,-1,nan,16.1521,16.0938,1
1075,1403715327.012143135,4.2104,4.2146,nan,-1,-1,-1,-1,-1,-1,nan,0.5591,0.4851,1
1076,1403715327.062143087,4.4243,4.4283,nan,-1,-1,-1,-1,-1,-1,nan,0.8425,0.7742,1
1077,1403715327.112143278,4.6973,4.6896,nan,-1,-1,-1,-1,-1,-1,nan,1.0682,1.0048,1
1078,1403715327.162142992,19.0601,19.0660,nan,-1,-1,-1,-1,-1,-1,nan,15.4288,15.3593,1
1079,1403715327.212143183,4.4081,4.3978,nan,-1,-1,-1,-1,-1,-1,nan,0.5565,0.4914,1
1080,1403715327.262143135,4.2847,4.2853,nan,-1,-1,-1,-1,-1,-1,nan,0.7680,0.7036,1
1081,1403715327.312143087,4.5285,4.5293,nan,-1,-1,-1,-1,-1,-1,nan,1.0520,0.9833,1
1082,1403715327.362143040,19.2015,19.1894,nan,-1,-1,-1,-1,-1,-1,nan,15.2806,15.2020,1
1083,1403715327.412143230,4.1209,4.1252,nan,-1,-1,-1,-1,-1,-1,nan,0.5161,0.4477,1
1084,1403715327.462142944,4.2798,4.2742,nan,-1,-1,-1,-1,-1,-1,nan,0.6756,0.6072,1
1085,1403715327.512143135,4.5748,4.5513,nan,-1,-1,-1,-1,-1,-1,nan,0.8837,0.8170,1
1086,1403715327.562143087,18.7138,18.6851,nan,-1,-1,-1,-1,-1,-1,nan,15.0557,14.9898,1
1087,1403715327.612143278,4.4898,4.4891,nan,-1,-1,-1,-1,-1,-1,nan,0.5193,0.4502,1
1088,1403715327.662142992,4.5381,4.5312,nan,-1,-1,-1,-1,-1,-1,nan,0.8437,0.7769,1
1089,1403715327.712143183,4.9355,4.9193,nan,-1,-1,-1,-1,-1,-1,nan,1.1051,1.0348,1
1090,1403715327.762143135,18.5106,18.5152,nan,-1,-1,-1,-1,-1,-1,nan,14.8163,14.7478,1
1091,1403715327.812143087,4.1798,4.1728,nan,-1,-1,-1,-1,-1,-1,nan,0.5335,0.4590,1
1092,1403715327.862143040,4.4506,4.4444,nan,-1,-1,-1,-1,-1,-1,nan,0.7577,0.6912,1
1093,1403715327.912143230,4.8048,4.8051,nan,-1,-1,-1,-1,-1,-1,nan,1.0392,0.9692,1
1094,1403715327.962142944,18.2338,18.2385,nan,-1,-1,-1,-1,-1,-1,nan,14.5617,14.4946,1
1095,1403715328.012143135,4.3454,4.3339,nan,-1,-1,-1,-1,-1,-1,nan,0.5215,0.4507,1
1096,1403715328.062143087,4.4456,4.4492,nan,-1,-1,-1,-1,-1,-1,nan,0.6897,0.6231,1
1097,1403715328.112143278,4.5254,4.5291,nan,-1,-1,-1,-1,-1,-1,nan,0.8531,0.7878,1
1098,1403715328.162142992,18.1633,18.1537,nan,-1,-1,-1,-1,-1,-1,nan,14.4283,14.3569,1
1099,1403715328.212143183,4.2452,4.2431,nan,-1,-1,-1,-1,-1,-1,nan,0.5280,0.4585,1
1100,1403715328.262143135,4.3960,4.3913,nan,-1,-1,-1,-1,-1,-1,nan,0.7102,0.6381,1
1101,1403715328.312143087,4.4575,4.4612,nan,-1,-1,-1,-1,-1,-1,nan,0.8823,0.8106,1
1102,1403715328.362143040,17.9896,17.9674,nan,-1,-1,-1,-1,-1,-1,nan,14.2217,14.1552,1
1103,1403715328.412143230,4.1217,4.1128,nan,-1,-1,-1,-1,-1,-1,nan,0.5300,0.4593,1
1104,1403715328.462142944,4.3042,4.2945,nan,-1,-1,-1,-1,-1,-1,nan,0.6971,0.6224,1
1105,1403715328.512143135,4.5243,4.5083,nan,-1,-1,-1,-1,-1,-1,nan,0.8698,0.7997,1
1106,1403715328.562143087,17.6286,17.6323,nan,-1,-1,-1,-1,-1,-1,nan,14.0980,14.0317,1
1107,1403715328.612143278,4.1081,4.0989,nan,-1,-1,-1,-1,-1,-1,nan,0.5108,0.4392,1
1108,1403715328.662142992,4.3058,4.2823,nan,-1,-1,-1,-1,-1,-1,nan,0.6511,0.5788,1
1109,1403715328.712143183,4.5470,4.5505,nan,-1,-1,-1,-1,-1,-1,nan,0.9906,0.9115,1
1110,1403715328.762143135,17.4938,17.4779,nan,-1,-1,-1,-1,-1,-1,nan,13.7835,13.7140,1
1111,1403715328.812143087,4.2551,4.2590,nan,-1,-1,-1,-1,-1,-1,nan,0.5031,0.4250,1
1112,1403715328.862143040,4.4649,4.4623,nan,-1,-1,-1,-1,-1,-1,nan,0.6887,0.6138,1
1113,1403715328.912143230,4.7300,4.7341,nan,-1,-1,-1,-1,-1,-1,nan,0.9376,0.8638,1
1114,1403715328.962142944,18.3446,18.3425,nan,-1,-1,-1,-1,-1,-1,nan,14.2990,14.2222,1
1115,1403715329.012143135,4.6222,4.5769,nan,-1,-1,-1,-1,-1,-1,nan,0.5198,0.4215,1
1116,1403715329.062143087,4.5494,4.5407,nan,-1,-1,-1,-1,-1,-1,nan,0.6831,0.6080,1
1117,1403715329.112143278,4.5310,4.5282,nan,-1,-1,-1,-1,-1,-1,nan,0.7853,0.7175,1
1118,1403715329.162142992,17.7993,17.7906,nan,-1,-1,-1,-1,-1,-1,nan,14.2408,14.1670,1
1119,1403715329.212143183,3.9780,3.9807,nan,-1,-1,-1,-1,-1,-1,nan,0.4810,0.4064,1
1120,1403715329.262143135,4.1745,4.1786,nan,-1,-1,-1,-1,-1,-1,nan,0.6175,0.5438,1
1121,1403715329.312143087,4.6935,4.6772,nan,-1,-1,-1,-1,-1,-1,nan,0.7926,0.7198,1
1122,1403715329.362143040,47.9152,47.9045,nan,-1,-1,-1,-1,-1,-1,nan,43.9521,43.8780,1
1123,1403715329.412143230,4.2485,4.2273,nan,-1,-1,-1,-1,-1,-1,nan,0.5249,0.4497,1
1124,1403715329.462142944,4.2671,4.2627,nan,-1,-1,-1,-1,-1,-1,nan,0.6682,0.6025,1
1125,1403715329.512143135,4.4441,4.4462,nan,-1,-1,-1,-1,-1,-1,nan,0.8501,0.7808,1
1126,1403715329.562143087,17.9887,17.9868,nan,-1,-1,-1,-1,-1,-1,nan,14.4282,14.3650,1
1127,1403715329.612143278,4.1568,4.1568,nan,-1,-1,-1,-1,-1,-1,nan,0.5494,0.4786,1
1128,1403715329.662142992,4.3995,4.3993,nan,-1,-1,-1,-1,-1,-1,nan,0.7356,0.6652,1
1129,1403715329.712143183,4.6617,4.6415,nan,-1,-1,-1,-1,-1,-1,nan,0.8954,0.8245,1
1130,1403715329.762143135,17.9821,17.9815,nan,-1,-1,-1,-1,-1,-1,nan,14.3294,14.2544,1
1131,1403715329.812143087,4.2001,4.2047,nan,-1,-1,-1,-1,-1,-1,nan,0.5589,0.4836,1
1132,1403715329.862143040,4.4956,4.4801,nan,-1,-1,-1,-1,-1,-1,nan,0.7675,0.6936,1
1133,1403715329.912143230,4.6280,4.6318,nan,-1,-1,-1,-1,-1,-1,nan,0.9499,0.8768,1
1134,1403715329.962142944,18.0400,18.0427,nan,-1,-1,-1,-1,-1,-1,nan,14.3540,14.2757,1
1135,1403715330.012143135,4.2507,4.2543,nan,-1,-1,-1,-1,-1,-1,nan,0.5757,0.4900,1
1136,1403715330.062143087,4.6240,4.5914,nan,-1,-1,-1,-1,-1,-1,nan,0.7500,0.6702,1
1137,1403715330.112143278,4.6299,4.6310,nan,-1,-1,-1,-1,-1,-1,nan,0.9239,0.8467,1
1138,1403715330.162142992,17.9774,17.9630,nan,-1,-1,-1,-1,-1,-1,nan,14.1862,14.1098,1
1139,1403715330.212143183,4.1023,4.1007,nan,-1,-1,-1,-1,-1,-1,nan,0.4975,0.4216,1
1140,1403715330.262143135,4.2854,4.2889,nan,-1,-1,-1,-1,-1,-1,nan,0.7040,0.6285,1
1141,1403715330.312143087,4.4823,4.4798,nan,-1,-1,-1,-1,-1,-1,nan,0.8770,0.8028,1
1142,1403715330.362143040,17.6687,17.6695,nan,-1,-1,-1,-1,-1,-1,nan,13.9995,13.9252,1
1143,1403715330.412143230,4.2205,4.2154,nan,-1,-1,-1,-1,-1,-1,nan,0.5210,0.4425,1
1144,1403715330.462142944,4.2730,4.2766,nan,-1,-1,-1,-1,-1,-1,nan,0.7080,0.6369,1
1145,1403715330.512143135,4.5105,4.5003,nan,-1,-1,-1,-1,-1,-1,nan,0.9095,0.8313,1
1146,1403715330.562143087,46.5448,46.4962,nan,-1,-1,-1,-1,-1,-1,nan,42.7086,42.6334,1
1147,1403715330.612143278,4.2725,4.2762,nan,-1,-1,-1,-1,-1,-1,nan,0.5346,0.4527,1
1148,1403715330.662142992,4.7431,4.7353,nan,-1,-1,-1,-1,-1,-1,nan,0.7259,0.6464,1
1149,1403715330.712143183,4.5378,4.5416,nan,-1,-1,-1,-1,-1,-1,nan,0.8840,0.8118,1
1150,1403715330.762143135,18.0717,17.9884,nan,-1,-1,-1,-1,-1,-1,nan,14.1709,14.0953,1
1151,1403715330.812143087,4.1468,4.1506,nan,-1,-1,-1,-1,-1,-1,nan,0.5158,0.4373,1
1152,1403715330.862143040,4.9417,4.9468,nan,-1,-1,-1,-1,-1,-1,nan,0.8547,0.6995,1
1153,1403715330.912143230,4.9853,4.9582,nan,-1,-1,-1,-1,-1,-1,nan,1.0415,0.9594,1
1154,1403715330.962142944,17.9893,17.9027,nan,-1,-1,-1,-1,-1,-1,nan,14.2914,14.2124,1
1155,1403715331.012143135,4.2665,4.2559,nan,-1,-1,-1,-1,-1,-1,nan,0.5242,0.4442,1
1156,1403715331.062143087,4.4083,4.3878,nan,-1,-1,-1,-1,-1,-1,nan,0.7288,0.6546,1
1157,1403715331.112143278,4.6391,4.6428,nan,-1,-1,-1,-1,-1,-1,nan,1.0416,0.9731,1
1158,1403715331.162142992,18.1977,18.1863,nan,-1,-1,-1,-1,-1,-1,nan,14.6618,14.5951,1
1159,1403715331.212143183,4.2422,4.2362,nan,-1,-1,-1,-1,-1,-1,nan,0.5436,0.4711,1
1160,1403715331.262143135,4.2588,4.2633,nan,-1,-1,-1,-1,-1,-1,nan,0.7326,0.6667,1
1161,1403715331.312143087,4.7442,4.7482,nan,-1,-1,-1,-1,-1,-1,nan,1.0872,1.0170,1
1162,1403715331.362143040,19.1892,19.1775,nan,-1,-1,-1,-1,-1,-1,nan,15.4429,15.3779,1
1163,1403715331.412143230,4.6400,4.6300,nan,-1,-1,-1,-1,-1,-1,nan,0.6855,0.6016,1
1164,1403715331.462142944,4.6075,4.6130,nan,-1,-1,-1,-1,-1,-1,nan,0.9441,0.8713,1
1165,1403715331.512143135,5.0642,5.0678,nan,-1,-1,-1,-1,-1,-1,nan,1.2485,1.1747,1
1166,1403715331.562143087,20.3335,20.3371,nan,-1,-1,-1,-1,-1,-1,nan,16.4923,16.4219,1
1167,1403715331.612143278,4.8985,4.8154,nan,-1,-1,-1,-1,-1,-1,nan,0.6516,0.5718,1
1168,1403715331.662142992,4.5905,4.5948,nan,-1,-1,-1,-1,-1,-1,nan,0.9923,0.9185,1
1169,1403715331.712143183,5.1573,5.1293,nan,-1,-1,-1,-1,-1,-1,nan,1.2810,1.2045,1
1170,1403715331.762143135,20.5218,20.5115,nan,-1,-1,-1,-1,-1,-1,nan,16.7740,16.7052,1
1171,1403715331.812143087,4.6512,4.5962,nan,-1,-1,-1,-1,-1,-1,nan,0.6302,0.5493,1
1172,1403715331.862143040,4.7572,4.7539,nan,-1,-1,-1,-1,-1,-1,nan,0.9354,0.8663,1
1173,1403715331.912143230,4.9721,4.9636,nan,-1,-1,-1,-1,-1,-1,nan,1.2445,1.1760,1
1174,1403715331.962142944,20.2322,20.2299,nan,-1,-1,-1,-1,-1,-1,nan,16.6243,16.5565,1
1175,1403715332.012143135,4.3295,4.3220,nan,-1,-1,-1,-1,-1,-1,nan,0.6062,0.5349,1
1176,1403715332.062143087,4.6735,4.6673,nan,-1,-1,-1,-1,-1,-1,nan,0.9530,0.8860,1
1177,1403715332.112143278,4.9389,4.9244,nan,-1,-1,-1,-1,-1,-1,nan,1.2378,1.1692,1
1178,1403715332.162142992,20.4576,20.3865,nan,-1,-1,-1,-1,-1,-1,nan,16.5727,16.5052,1
1179,1403715332.212143183,4.4212,4.4148,nan,-1,-1,-1,-1,-1,-1,nan,0.6631,0.5858,1
1180,1403715332.262143135,4.7919,4.7778,nan,-1,-1,-1,-1,-1,-1,nan,1.0110,0.9375,1
1181,1403715332.312143087,4.9983,4.9919,nan,-1,-1,-1,-1,-1,-1,nan,1.2704,1.2005,1
1182,1403715332.362143040,20.3423,20.3246,nan,-1,-1,-1,-1,-1,-1,nan,16.5944,16.5280,1
1183,1403715332.412143230,4.2471,4.2428,nan,-1,-1,-1,-1,-1,-1,nan,0.5714,0.5008,1
1184,1403715332.462142944,4.6046,4.5913,nan,-1,-1,-1,-1,-1,-1,nan,0.9436,0.8720,1
1185,1403715332.512143135,5.0726,4.9693,nan,-1,-1,-1,-1,-1,-1,nan,1.2303,1.1578,1
1186,1403715332.562143087,20.1843,20.1723,nan,-1,-1,-1,-1,-1,-1,nan,16.4733,16.4051,1
1187,1403715332.612143278,4.3815,4.3724,nan,-1,-1,-1,-1,-1,-1,nan,0.5733,0.4947,1
1188,1403715332.662142992,4.6638,4.6674,nan,-1,-1,-1,-1,-1,-1,nan,0.9970,0.9203,1
1189,1403715332.712143183,4.9674,4.9710,nan,-1,-1,-1,-1,-1,-1,nan,1.2577,1.1880,1
1190,1403715332.762143135,20.0093,19.9957,nan,-1,-1,-1,-1,-1,-1,nan,16.2383,16.1654,1
1191,1403715332.812143087,4.4745,4.4604,nan,-1,-1,-1,-1,-1,-1,nan,0.6508,0.5775,1
1192,1403715332.862143040,4.5928,4.5967,nan,-1,-1,-1,-1,-1,-1,nan,0.9970,0.9267,1
1193,1403715332.912143230,4.9415,4.9330,nan,-1,-1,-1,-1,-1,-1,nan,1.3159,1.2361,1
1194,1403715332.962142944,19.7460,19.7373,nan,-1,-1,-1,-1,-1,-1,nan,16.0926,16.0262,1
1195,1403715333.012143135,4.2738,4.2479,nan,-1,-1,-1,-1,-1,-1,nan,0.5920,0.5189,1
1196,1403715333.062143087,4.4390,4.4300,nan,-1,-1,-1,-1,-1,-1,nan,0.7583,0.6869,1
1197,1403715333.112143278,4.9112,4.8948,nan,-1,-1,-1,-1,-1,-1,nan,1.1518,1.0796,1
1198,1403715333.162142992,19.9040,19.9003,nan,-1,-1,-1,-1,-1,-1,nan,16.2970,16.2290,1
1199,1403715333.212143183,4.4877,4.4745,nan,-1,-1,-1,-1,-1,-1,nan,0.6300,0.5565,1
1200,1403715333.262143135,4.3892,4.3892,nan,-1,-1,-1,-1,-1,-1,nan,0.8558,0.7845,1
1201,1403715333.312143087,4.9372,4.9131,nan,-1,-1,-1,-1,-1,-1,nan,1.2477,1.1789,1
1202,1403715333.362143040,20.2839,20.2632,nan,-1,-1,-1,-1,-1,-1,nan,16.1878,16.1162,1
1203,1403715333.412143230,4.3544,4.3550,nan,-1,-1,-1,-1,-1,-1,nan,0.6141,0.5437,1
1204,1403715333.462142944,4.9168,4.8934,nan,-1,-1,-1,-1,-1,-1,nan,0.9449,0.8762,1
1205,1403715333.512143135,5.0081,5.0115,nan,-1,-1,-1,-1,-1,-1,nan,1.2926,1.2217,1
1206,1403715333.562143087,20.5655,20.5187,nan,-1,-1,-1,-1,-1,-1,nan,16.3623,16.2825,1
1207,1403715333.612143278,4.4113,4.4151,nan,-1,-1,-1,-1,-1,-1,nan,0.5875,0.5082,1
1208,1403715333.662142992,4.6587,4.6625,nan,-1,-1,-1,-1,-1,-1,nan,0.8511,0.7732,1
1209,1403715333.712143183,4.9307,4.9345,nan,-1,-1,-1,-1,-1,-1,nan,1.2365,1.1527,1
1210,1403715333.762143135,19.5607,19.5656,nan,-1,-1,-1,-1,-1,-1,nan,15.8808,15.7979,1
1211,1403715333.812143087,4.4031,4.3910,nan,-1,-1,-1,-1,-1,-1,nan,0.5454,0.4657,1
1212,1403715333.862143040,4.6569,4.6328,nan,-1,-1,-1,-1,-1,-1,nan,0.8034,0.7185,1
1213,1403715333.912143230,4.5964,4.6005,nan,-1,-1,-1,-1,-1,-1,nan,0.9508,0.8725,1
1214,1403715333.962142944,19.7631,19.7632,nan,-1,-1,-1,-1,-1,-1,nan,16.0273,15.9394,1
1215,1403715334.012143135,4.3822,4.3743,nan,-1,-1,-1,-1,-1,-1,nan,0.6355,0.5494,1
1216,1403715334.062143087,4.8494,4.8340,nan,-1,-1,-1,-1,-1,-1,nan,0.9634,0.8804,1
1217,1403715334.112143278,5.0041,5.0076,nan,-1,-1,-1,-1,-1,-1,nan,1.2021,1.1152,1
1218,1403715334.162142992,19.4460,19.4282,nan,-1,-1,-1,-1,-1,-1,nan,15.6841,15.6141,1
1219,1403715334.212143183,4.1848,4.1888,nan,-1,-1,-1,-1,-1,-1,nan,0.5581,0.4820,1
1220,1403715334.262143135,4.3940,4.3497,nan,-1,-1,-1,-1,-1,-1,nan,0.7414,0.6688,1
1221,1403715334.312143087,4.8506,4.8372,nan,-1,-1,-1,-1,-1,-1,nan,0.9797,0.8933,1
1222,1403715334.362143040,19.4480,19.4342,nan,-1,-1,-1,-1,-1,-1,nan,15.6113,15.5248,1
1223,1403715334.412143230,4.0623,4.0665,nan,-1,-1,-1,-1,-1,-1,nan,0.5301,0.4592,1
1224,1403715334.462142944,4.2997,4.3056,nan,-1,-1,-1,-1,-1,-1,nan,0.7360,0.6679,1
1225,1403715334.512143135,4.6392,4.6432,nan,-1,-1,-1,-1,-1,-1,nan,1.0939,1.0297,1
1226,1403715334.562143087,19.3802,19.3746,nan,-1,-1,-1,-1,-1,-1,nan,15.7325,15.6649,1
1227,1403715334.612143278,4.1832,4.1875,nan,-1,-1,-1,-1,-1,-1,nan,0.5482,0.4680,1
1228,1403715334.662142992,4.3855,4.3764,nan,-1,-1,-1,-1,-1,-1,nan,0.7202,0.6428,1
1229,1403715334.712143183,4.8460,4.8453,nan,-1,-1,-1,-1,-1,-1,nan,1.0797,1.0033,1
1230,1403715334.762143135,19.7166,19.4880,nan,-1,-1,-1,-1,-1,-1,nan,15.5656,15.4922,1
1231,1403715334.812143087,4.1974,4.1794,nan,-1,-1,-1,-1,-1,-1,nan,0.5247,0.4475,1
1232,1403715334.862143040,4.3084,4.3135,nan,-1,-1,-1,-1,-1,-1,nan,0.7219,0.6448,1
1233,1403715334.912143230,4.8504,4.8542,nan,-1,-1,-1,-1,-1,-1,nan,1.0717,0.9937,1
1234,1403715334.962142944,19.0597,19.0448,nan,-1,-1,-1,-1,-1,-1,nan,15.2727,15.1940,1
1235,1403715335.012143135,4.2615,4.2552,nan,-1,-1,-1,-1,-1,-1,nan,0.5260,0.4466,1
1236,1403715335.062143087,4.3131,4.2886,nan,-1,-1,-1,-1,-1,-1,nan,0.6920,0.6216,1
1237,1403715335.112143278,4.5786,4.5823,nan,-1,-1,-1,-1,-1,-1,nan,0.9000,0.8241,1
1238,1403715335.162142992,18.3049,18.3093,nan,-1,-1,-1,-1,-1,-1,nan,14.7794,14.7113,1
1239,1403715335.212143183,4.0164,4.0170,nan,-1,-1,-1,-1,-1,-1,nan,0.4912,0.4247,1
1240,1403715335.262143135,4.1958,4.1923,nan,-1,-1,-1,-1,-1,-1,nan,0.6404,0.5727,1
1241,1403715335.312143087,4.6357,4.6207,nan,-1,-1,-1,-1,-1,-1,nan,0.9484,0.8802,1
1242,1403715335.362143040,18.3646,18.2745,nan,-1,-1,-1,-1,-1,-1,nan,14.5219,14.4542,1
1243,1403715335.412143230,3.9617,3.9601,nan,-1,-1,-1,-1,-1,-1,nan,0.4677,0.3999,1
1244,1403715335.462142944,4.4687,4.4555,nan,-1,-1,-1,-1,-1,-1,nan,0.6908,0.6114,1
1245,1403715335.512143135,4.2514,4.2468,nan,-1,-1,-1,-1,-1,-1,nan,0.7918,0.7272,1
1246,1403715335.562143087,48.6502,48.6377,nan,-1,-1,-1,-1,-1,-1,nan,44.8678,44.7870,1
1247,1403715335.612143278,3.8933,3.8972,nan,-1,-1,-1,-1,-1,-1,nan,0.4760,0.4075,1
1248,1403715335.662142992,4.3170,4.2799,nan,-1,-1,-1,-1,-1,-1,nan,0.6957,0.6292,1
1249,1403715335.712143183,4.4000,4.3915,nan,-1,-1,-1,-1,-1,-1,nan,0.9052,0.8450,1
1250,1403715335.762143135,17.5697,17.5641,nan,-1,-1,-1,-1,-1,-1,nan,14.0645,13.9989,1
1251,1403715335.812143087,4.2740,4.2648,nan,-1,-1,-1,-1,-1,-1,nan,0.4760,0.3992,1
1252,1403715335.862143040,4.4601,4.4237,nan,-1,-1,-1,-1,-1,-1,nan,0.6762,0.5973,1
1253,1403715335.912143230,4.1635,4.1673,nan,-1,-1,-1,-1,-1,-1,nan,0.7957,0.7324,1
1254,1403715335.962142944,17.5105,17.5022,nan,-1,-1,-1,-1,-1,-1,nan,13.8792,13.7993,1
1255,1403715336.012143135,4.0835,4.0872,nan,-1,-1,-1,-1,-1,-1,nan,0.4698,0.4020,1
1256,1403715336.062143087,4.3373,4.2846,nan,-1,-1,-1,-1,-1,-1,nan,0.6002,0.5382,1
1257,1403715336.112143278,4.5469,4.4295,nan,-1,-1,-1,-1,-1,-1,nan,0.7436,0.6791,1
1258,1403715336.162142992,17.1751,17.1790,nan,-1,-1,-1,-1,-1,-1,nan,13.7386,13.6743,1
1259,1403715336.212143183,3.9525,3.9565,nan,-1,-1,-1,-1,-1,-1,nan,0.4555,0.3890,1
1260,1403715336.262143135,4.1666,4.1615,nan,-1,-1,-1,-1,-1,-1,nan,0.6430,0.5710,1
1261,1403715336.312143087,4.2136,4.2064,nan,-1,-1,-1,-1,-1,-1,nan,0.7429,0.6829,1
1262,1403715336.362143040,17.1726,17.0879,nan,-1,-1,-1,-1,-1,-1,nan,13.5586,13.4976,1
1263,1403715336.412143230,3.8202,3.8207,nan,-1,-1,-1,-1,-1,-1,nan,0.4312,0.3675,1
1264,1403715336.462142944,3.9235,3.9276,nan,-1,-1,-1,-1,-1,-1,nan,0.5922,0.5305,1
1265,1403715336.512143135,4.2625,4.2664,nan,-1,-1,-1,-1,-1,-1,nan,0.8870,0.8242,1
1266,1403715336.562143087,17.0793,17.0835,nan,-1,-1,-1,-1,-1,-1,nan,13.6200,13.5609,1
1267,1403715336.612143278,3.9098,3.8840,nan,-1,-1,-1,-1,-1,-1,nan,0.4370,0.3678,1
1268,1403715336.662142992,4.0228,4.0112,nan,-1,-1,-1,-1,-1,-1,nan,0.5876,0.5288,1
1269,1403715336.712143183,4.4358,4.3190,nan,-1,-1,-1,-1,-1,-1,nan,0.8745,0.8112,1
1270,1403715336.762143135,16.8162,16.8045,nan,-1,-1,-1,-1,-1,-1,nan,13.3889,13.3278,1
1271,1403715336.812143087,3.7200,3.7236,nan,-1,-1,-1,-1,-1,-1,nan,0.4219,0.3599,1
1272,1403715336.862143040,4.1330,4.1140,nan,-1,-1,-1,-1,-1,-1,nan,0.5996,0.5369,1
1273,1403715336.912143230,4.5802,4.5575,nan,-1,-1,-1,-1,-1,-1,nan,0.8160,0.7567,1
1274,1403715336.962142944,17.0828,17.0478,nan,-1,-1,-1,-1,-1,-1,nan,13.5038,13.4405,1
1275,1403715337.012143135,4.0045,4.0005,nan,-1,-1,-1,-1,-1,-1,nan,0.4256,0.3652,1
1276,1403715337.062143087,4.1130,4.0990,nan,-1,-1,-1,-1,-1,-1,nan,0.5818,0.5207,1
1277,1403715337.112143278,4.2686,4.2725,nan,-1,-1,-1,-1,-1,-1,nan,0.8556,0.7960,1
1278,1403715337.162142992,16.8033,16.7801,nan,-1,-1,-1,-1,-1,-1,nan,13.4250,13.3664,1
1279,1403715337.212143183,3.8721,3.8762,nan,-1,-1,-1,-1,-1,-1,nan,0.4207,0.3573,1
1280,1403715337.262143135,3.9386,3.9420,nan,-1,-1,-1,-1,-1,-1,nan,0.5509,0.4929,1
1281,1403715337.312143087,4.2060,4.1899,nan,-1,-1,-1,-1,-1,-1,nan,0.7302,0.6635,1
1282,1403715337.362143040,16.4290,16.4328,nan,-1,-1,-1,-1,-1,-1,nan,13.1752,13.1165,1
1283,1403715337.412143230,3.6467,3.6545,nan,-1,-1,-1,-1,-1,-1,nan,0.4042,0.3478,1
1284,1403715337.462142944,3.7707,3.7775,nan,-1,-1,-1,-1,-1,-1,nan,0.5381,0.4825,1
1285,1403715337.512143135,3.9085,3.9122,nan,-1,-1,-1,-1,-1,-1,nan,0.6690,0.6119,1
1286,1403715337.562143087,16.4311,16.4350,nan,-1,-1,-1,-1,-1,-1,nan,13.1827,13.1232,1
1287,1403715337.612143278,3.7300,3.7342,nan,-1,-1,-1,-1,-1,-1,nan,0.4130,0.3491,1
1288,1403715337.662142992,3.8531,3.8569,nan,-1,-1,-1,-1,-1,-1,nan,0.5250,0.4664,1
1289,1403715337.712143183,4.1330,4.1366,nan,-1,-1,-1,-1,-1,-1,nan,0.7420,0.6860,1
1290,1403715337.762143135,16.3645,16.3628,nan,-1,-1,-1,-1,-1,-1,nan,12.9422,12.8893,1
1291,1403715337.812143087,3.7871,3.7889,nan,-1,-1,-1,-1,-1,-1,nan,0.3903,0.3345,1
1292,1403715337.862143040,3.9072,3.9053,nan,-1,-1,-1,-1,-1,-1,nan,0.5180,0.4665,1
1293,1403715337.912143230,4.2522,4.2387,nan,-1,-1,-1,-1,-1,-1,nan,0.6383,0.5823,1
1294,1403715337.962142944,22.7560,22.7600,nan,-1,-1,-1,-1,-1,-1,nan,19.3380,19.2799,1
1295,1403715338.012143135,3.9457,3.9208,nan,-1,-1,-1,-1,-1,-1,nan,0.3760,0.3173,1
1296,1403715338.062143087,3.8925,3.8798,nan,-1,-1,-1,-1,-1,-1,nan,0.5049,0.4512,1
1297,1403715338.112143278,4.0785,4.0823,nan,-1,-1,-1,-1,-1,-1,nan,0.7328,0.6756,1
1298,1403715338.162142992,16.2943,16.2817,nan,-1,-1,-1,-1,-1,-1,nan,12.5001,12.4290,1
1299,1403715338.212143183,3.8630,3.8634,nan,-1,-1,-1,-1,-1,-1,nan,0.3916,0.3333,1
1300,1403715338.262143135,4.0357,4.0294,nan,-1,-1,-1,-1,-1,-1,nan,0.4895,0.4344,1
1301,1403715338.312143087,4.0231,4.0270,nan,-1,-1,-1,-1,-1,-1,nan,0.5992,0.5423,1
1302,1403715338.362143040,16.0515,16.0323,nan,-1,-1,-1,-1,-1,-1,nan,12.5550,12.4865,1
1303,1403715338.412143230,3.9525,3.9498,nan,-1,-1,-1,-1,-1,-1,nan,0.4090,0.3503,1
1304,1403715338.462142944,3.9637,3.9640,nan,-1,-1,-1,-1,-1,-1,nan,0.5155,0.4617,1
1305,1403715338.512143135,4.0969,4.0870,nan,-1,-1,-1,-1,-1,-1,nan,0.6599,0.6006,1
1306,1403715338.562143087,16.1701,16.1675,nan,-1,-1,-1,-1,-1,-1,nan,12.7125,12.6577,1
1307,1403715338.612143278,3.8503,3.8543,nan,-1,-1,-1,-1,-1,-1,nan,0.4116,0.3476,1
1308,1403715338.662142992,4.1142,4.1179,nan,-1,-1,-1,-1,-1,-1,nan,0.5270,0.4600,1
1309,1403715338.712143183,4.3256,4.3294,nan,-1,-1,-1,-1,-1,-1,nan,0.6654,0.6059,1
1310,1403715338.762143135,16.0711,16.0750,nan,-1,-1,-1,-1,-1,-1,nan,12.4931,12.4261,1
1311,1403715338.812143087,4.2537,4.2350,nan,-1,-1,-1,-1,-1,-1,nan,0.4177,0.3513,1
1312,1403715338.862143040,4.0360,4.0403,nan,-1,-1,-1,-1,-1,-1,nan,0.5420,0.4774,1
1313,1403715338.912143230,4.3741,4.3783,nan,-1,-1,-1,-1,-1,-1,nan,0.7885,0.7231,1
1314,1403715338.962142944,15.8804,15.8840,nan,-1,-1,-1,-1,-1,-1,nan,12.3587,12.2963,1
1315,1403715339.012143135,4.6425,4.6147,nan,-1,-1,-1,-1,-1,-1,nan,0.4269,0.3605,1
1316,1403715339.062143087,4.6635,4.6071,nan,-1,-1,-1,-1,-1,-1,nan,0.5921,0.5215,1
1317,1403715339.112143278,4.4208,4.4245,nan,-1,-1,-1,-1,-1,-1,nan,0.7236,0.6543,1
1318,1403715339.162142992,15.9960,15.9794,nan,-1,-1,-1,-1,-1,-1,nan,12.1875,12.1221,1
1319,1403715339.212143183,4.5439,4.4753,nan,-1,-1,-1,-1,-1,-1,nan,0.4450,0.3761,1
1320,1403715339.262143135,4.5135,4.4865,nan,-1,-1,-1,-1,-1,-1,nan,0.5954,0.5253,1
1321,1403715339.312143087,4.6836,4.6724,nan,-1,-1,-1,-1,-1,-1,nan,0.7434,0.6755,1
1322,1403715339.362143040,22.4447,22.4237,nan,-1,-1,-1,-1,-1,-1,nan,18.5670,18.5004,1
1323,1403715339.412143230,4.1398,4.1435,nan,-1,-1,-1,-1,-1,-1,nan,0.4557,0.3841,1
1324,1403715339.462142944,4.6351,4.6199,nan,-1,-1,-1,-1,-1,-1,nan,0.6326,0.5601,1
1325,1403715339.512143135,4.3591,4.3630,nan,-1,-1,-1,-1,-1,-1,nan,0.8761,0.8113,1
1326,1403715339.562143087,15.5693,15.5738,nan,-1,-1,-1,-1,-1,-1,nan,12.0805,12.0202,1
1327,1403715339.612143278,4.2828,4.2880,nan,-1,-1,-1,-1,-1,-1,nan,0.5118,0.4130,1
1328,1403715339.662142992,3.9796,3.9834,nan,-1,-1,-1,-1,-1,-1,nan,0.5789,0.5137,1
1329,1403715339.712143183,4.1904,4.1946,nan,-1,-1,-1,-1,-1,-1,nan,0.7608,0.6962,1
1330,1403715339.762143135,16.4731,16.4772,nan,-1,-1,-1,-1,-1,-1,nan,13.0188,12.9562,1
1331,1403715339.812143087,3.9873,3.9916,nan,-1,-1,-1,-1,-1,-1,nan,0.4286,0.3529,1
1332,1403715339.862143040,4.0076,4.0114,nan,-1,-1,-1,-1,-1,-1,nan,0.5700,0.5050,1
1333,1403715339.912143230,4.2104,4.2142,nan,-1,-1,-1,-1,-1,-1,nan,0.6921,0.6298,1
1334,1403715339.962142944,15.7244,15.7279,nan,-1,-1,-1,-1,-1,-1,nan,12.2959,12.2393,1
1335,1403715340.012143135,3.7927,3.7964,nan,-1,-1,-1,-1,-1,-1,nan,0.4037,0.3487,1
1336,1403715340.062143087,4.3865,4.3690,nan,-1,-1,-1,-1,-1,-1,nan,0.6093,0.5323,1
1337,1403715340.112143278,4.0963,4.1026,nan,-1,-1,-1,-1,-1,-1,nan,0.6670,0.6146,1
1338,1403715340.162142992,15.7950,15.8011,nan,-1,-1,-1,-1,-1,-1,nan,12.3011,12.2382,1
1339,1403715340.212143183,3.9630,3.9669,nan,-1,-1,-1,-1,-1,-1,nan,0.3899,0.3325,1
1340,1403715340.262143135,4.0253,4.0291,nan,-1,-1,-1,-1,-1,-1,nan,0.5205,0.4620,1
1341,1403715340.312143087,4.5970,4.5808,nan,-1,-1,-1,-1,-1,-1,nan,0.7762,0.7059,1
1342,1403715340.362143040,15.4788,15.4827,nan,-1,-1,-1,-1,-1,-1,nan,12.1433,12.0920,1
1343,1403715340.412143230,3.7687,3.7727,nan,-1,-1,-1,-1,-1,-1,nan,0.3387,0.2823,1
1344,1403715340.462142944,3.8821,3.8858,nan,-1,-1,-1,-1,-1,-1,nan,0.4435,0.3915,1
1345,1403715340.512143135,4.2622,4.2386,nan,-1,-1,-1,-1,-1,-1,nan,0.6564,0.6053,1
1346,1403715340.562143087,15.6110,15.6147,nan,-1,-1,-1,-1,-1,-1,nan,12.2019,12.1533,1
1347,1403715340.612143278,3.7304,3.7341,nan,-1,-1,-1,-1,-1,-1,nan,0.3522,0.2999,1
1348,1403715340.662142992,4.2432,4.2274,nan,-1,-1,-1,-1,-1,-1,nan,0.4751,0.4263,1
1349,1403715340.712143183,4.3673,4.3497,nan,-1,-1,-1,-1,-1,-1,nan,0.7177,0.6657,1
1350,1403715340.762143135,15.9883,15.9919,nan,-1,-1,-1,-1,-1,-1,nan,12.6165,12.5619,1
1351,1403715340.812143087,4.0920,4.0657,nan,-1,-1,-1,-1,-1,-1,nan,0.4062,0.3486,1
1352,1403715340.862143040,4.4250,4.3942,nan,-1,-1,-1,-1,-1,-1,nan,0.5421,0.4903,1
1353,1403715340.912143230,4.0917,4.0955,nan,-1,-1,-1,-1,-1,-1,nan,0.7060,0.6547,1
1354,1403715340.962142944,16.2463,16.2502,nan,-1,-1,-1,-1,-1,-1,nan,12.6558,12.6032,1
1355,1403715341.012143135,4.0452,4.0375,nan,-1,-1,-1,-1,-1,-1,nan,0.4013,0.3453,1
1356,1403715341.062143087,3.9269,3.9304,nan,-1,-1,-1,-1,-1,-1,nan,0.5667,0.5132,1
1357,1403715341.112143278,4.1788,4.1785,nan,-1,-1,-1,-1,-1,-1,nan,0.7343,0.6769,1
1358,1403715341.162142992,16.4599,16.4250,nan,-1,-1,-1,-1,-1,-1,nan,12.8037,12.7470,1
1359,1403715341.212143183,3.9742,3.9680,nan,-1,-1,-1,-1,-1,-1,nan,0.4232,0.3660,1
1360,1403715341.262143135,3.9319,3.9298,nan,-1,-1,-1,-1,-1,-1,nan,0.5379,0.4859,1
1361,1403715341.312143087,4.1887,4.1865,nan,-1,-1,-1,-1,-1,-1,nan,0.7278,0.6727,1
1362,1403715341.362143040,16.4169,16.4119,nan,-1,-1,-1,-1,-1,-1,nan,12.7855,12.7103,1
1363,1403715341.412143230,4.0488,4.0407,nan,-1,-1,-1,-1,-1,-1,nan,0.4017,0.3444,1
1364,1403715341.462142944,4.0093,4.0080,nan,-1,-1,-1,-1,-1,-1,nan,0.5722,0.5170,1
1365,1403715341.512143135,4.0983,4.1019,nan,-1,-1,-1,-1,-1,-1,nan,0.7104,0.6570,1
1366,1403715341.562143087,16.2183,16.2177,nan,-1,-1,-1,-1,-1,-1,nan,12.7262,12.6708,1
1367,1403715341.612143278,3.9190,3.9225,nan,-1,-1,-1,-1,-1,-1,nan,0.4389,0.3808,1
1368,1403715341.662142992,3.9394,3.9431,nan,-1,-1,-1,-1,-1,-1,nan,0.5780,0.5242,1
1369,1403715341.712143183,4.2584,4.2479,nan,-1,-1,-1,-1,-1,-1,nan,0.7283,0.6741,1
1370,1403715341.762143135,16.4678,16.4715,nan,-1,-1,-1,-1,-1,-1,nan,12.9783,12.9241,1
1371,1403715341.812143087,3.9699,3.9733,nan,-1,-1,-1,-1,-1,-1,nan,0.4441,0.3837,1
1372,1403715341.862143040,4.3952,4.3834,nan,-1,-1,-1,-1,-1,-1,nan,0.6047,0.5454,1
1373,1403715341.912143230,4.3928,4.3807,nan,-1,-1,-1,-1,-1,-1,nan,0.7597,0.7030,1
1374,1403715341.962142944,16.5229,16.5267,nan,-1,-1,-1,-1,-1,-1,nan,13.0592,13.0015,1
1375,1403715342.012143135,4.0738,4.0634,nan,-1,-1,-1,-1,-1,-1,nan,0.4638,0.4012,1
1376,1403715342.062143087,4.0985,4.1020,nan,-1,-1,-1,-1,-1,-1,nan,0.6147,0.5584,1
1377,1403715342.112143278,4.2683,4.2699,nan,-1,-1,-1,-1,-1,-1,nan,0.7941,0.7359,1
1378,1403715342.162142992,16.6333,16.6373,nan,-1,-1,-1,-1,-1,-1,nan,13.1516,13.0902,1
1379,1403715342.212143183,4.2130,4.1970,nan,-1,-1,-1,-1,-1,-1,nan,0.4635,0.4019,1
1380,1403715342.262143135,4.1275,4.1312,nan,-1,-1,-1,-1,-1,-1,nan,0.6317,0.5729,1
1381,1403715342.312143087,4.6335,4.6373,nan,-1,-1,-1,-1,-1,-1,nan,0.9810,0.9176,1
1382,1403715342.362143040,17.0423,17.0303,nan,-1,-1,-1,-1,-1,-1,nan,13.4820,13.4182,1
1383,1403715342.412143230,4.0461,4.0496,nan,-1,-1,-1,-1,-1,-1,nan,0.4704,0.4075,1
1384,1403715342.462142944,4.1740,4.1775,nan,-1,-1,-1,-1,-1,-1,nan,0.6545,0.5927,1
1385,1403715342.512143135,4.3684,4.3720,nan,-1,-1,-1,-1,-1,-1,nan,0.8480,0.7867,1
1386,1403715342.562143087,17.0534,17.0573,nan,-1,-1,-1,-1,-1,-1,nan,13.4561,13.3960,1
1387,1403715342.612143278,4.0086,4.0125,nan,-1,-1,-1,-1,-1,-1,nan,0.4845,0.4201,1
1388,1403715342.662142992,4.3700,4.3679,nan,-1,-1,-1,-1,-1,-1,nan,0.6943,0.6308,1
1389,1403715342.712143183,4.4761,4.4650,nan,-1,-1,-1,-1,-1,-1,nan,0.8755,0.8138,1
1390,1403715342.762143135,17.5291,17.5290,nan,-1,-1,-1,-1,-1,-1,nan,13.8743,13.8034,1
1391,1403715342.812143087,4.0705,4.0740,nan,-1,-1,-1,-1,-1,-1,nan,0.4984,0.4310,1
1392,1403715342.862143040,4.3505,4.3425,nan,-1,-1,-1,-1,-1,-1,nan,0.6845,0.6210,1
1393,1403715342.912143230,4.4607,4.4593,nan,-1,-1,-1,-1,-1,-1,nan,0.8795,0.8158,1
1394,1403715342.962142944,17.2421,17.2463,nan,-1,-1,-1,-1,-1,-1,nan,13.6715,13.6101,1
1395,1403715343.012143135,4.1558,4.1431,nan,-1,-1,-1,-1,-1,-1,nan,0.4932,0.4245,1
1396,1403715343.062143087,4.2059,4.2097,nan,-1,-1,-1,-1,-1,-1,nan,0.6548,0.5932,1
1397,1403715343.112143278,4.7360,4.6893,nan,-1,-1,-1,-1,-1,-1,nan,0.9944,0.9313,1
1398,1403715343.162142992,24.7297,24.7097,nan,-1,-1,-1,-1,-1,-1,nan,20.7969,20.7355,1
1399,1403715343.212143183,4.1130,4.1173,nan,-1,-1,-1,-1,-1,-1,nan,0.5047,0.4326,1
1400,1403715343.262143135,4.1553,4.1590,nan,-1,-1,-1,-1,-1,-1,nan,0.6391,0.5770,1
1401,1403715343.312143087,4.3324,4.3360,nan,-1,-1,-1,-1,-1,-1,nan,0.8408,0.7773,1
1402,1403715343.362143040,17.1585,17.1590,nan,-1,-1,-1,-1,-1,-1,nan,13.6040,13.5425,1
1403,1403715343.412143230,4.0787,4.0731,nan,-1,-1,-1,-1,-1,-1,nan,0.4824,0.4191,1
1404,1403715343.462142944,4.3763,4.3613,nan,-1,-1,-1,-1,-1,-1,nan,0.6410,0.5749,1
1405,1403715343.512143135,4.7660,4.7342,nan,-1,-1,-1,-1,-1,-1,nan,0.8600,0.7763,1
1406,1403715343.562143087,17.9844,17.9540,nan,-1,-1,-1,-1,-1,-1,nan,14.0418,13.9677,1
1407,1403715343.612143278,4.2790,4.2700,nan,-1,-1,-1,-1,-1,-1,nan,0.5125,0.4344,1
1408,1403715343.662142992,4.3393,4.3440,nan,-1,-1,-1,-1,-1,-1,nan,0.6826,0.6101,1
1409,1403715343.712143183,4.4742,4.4782,nan,-1,-1,-1,-1,-1,-1,nan,0.8210,0.7521,1
1410,1403715343.762143135,18.0021,18.0065,nan,-1,-1,-1,-1,-1,-1,nan,14.2680,14.1970,1
1411,1403715343.812143087,4.1604,4.1648,nan,-1,-1,-1,-1,-1,-1,nan,0.4889,0.4193,1
1412,1403715343.862143040,4.3740,4.3776,nan,-1,-1,-1,-1,-1,-1,nan,0.6885,0.6181,1
1413,1403715343.912143230,4.5234,4.5268,nan,-1,-1,-1,-1,-1,-1,nan,0.8349,0.7686,1
1414,1403715343.962142944,18.0187,17.9917,nan,-1,-1,-1,-1,-1,-1,nan,14.2217,14.1562,1
1415,1403715344.012143135,4.4544,4.4006,nan,-1,-1,-1,-1,-1,-1,nan,0.4808,0.4032,1
1416,1403715344.062143087,4.3665,4.3575,nan,-1,-1,-1,-1,-1,-1,nan,0.6622,0.5970,1
1417,1403715344.112143278,4.2785,4.2825,nan,-1,-1,-1,-1,-1,-1,nan,0.8071,0.7488,1
1418,1403715344.162142992,24.9603,24.9641,nan,-1,-1,-1,-1,-1,-1,nan,21.3910,21.3307,1
1419,1403715344.212143183,4.0424,4.0353,nan,-1,-1,-1,-1,-1,-1,nan,0.4540,0.3918,1
1420,1403715344.262143135,4.0756,4.0769,nan,-1,-1,-1,-1,-1,-1,nan,0.5978,0.5338,1
1421,1403715344.312143087,4.3774,4.3686,nan,-1,-1,-1,-1,-1,-1,nan,0.7781,0.7174,1
1422,1403715344.362143040,24.8591,24.7958,nan,-1,-1,-1,-1,-1,-1,nan,21.2116,21.1538,1
1423,1403715344.412143230,3.9529,3.9586,nan,-1,-1,-1,-1,-1,-1,nan,0.4674,0.4047,1
1424,1403715344.462142944,4.2740,4.2702,nan,-1,-1,-1,-1,-1,-1,nan,0.6464,0.5806,1
1425,1403715344.512143135,4.2145,4.2157,nan,-1,-1,-1,-1,-1,-1,nan,0.7378,0.6781,1
1426,1403715344.562143087,46.5922,46.5927,nan,-1,-1,-1,-1,-1,-1,nan,42.9792,42.9100,1
1427,1403715344.612143278,4.2145,4.2122,nan,-1,-1,-1,-1,-1,-1,nan,0.4776,0.4080,1
1428,1403715344.662142992,4.2948,4.2990,nan,-1,-1,-1,-1,-1,-1,nan,0.6450,0.5738,1
1429,1403715344.712143183,4.5328,4.5250,nan,-1,-1,-1,-1,-1,-1,nan,0.7917,0.7267,1
1430,1403715344.762143135,17.5240,17.5279,nan,-1,-1,-1,-1,-1,-1,nan,13.9992,13.9360,1
1431,1403715344.812143087,4.2124,4.2144,nan,-1,-1,-1,-1,-1,-1,nan,0.4560,0.3880,1
1432,1403715344.862143040,4.1568,4.1606,nan,-1,-1,-1,-1,-1,-1,nan,0.5998,0.5341,1
1433,1403715344.912143230,4.2343,4.2384,nan,-1,-1,-1,-1,-1,-1,nan,0.7746,0.7128,1
1434,1403715344.962142944,17.6781,17.6067,nan,-1,-1,-1,-1,-1,-1,nan,13.9702,13.9088,1
1435,1403715345.012143135,3.9118,3.9156,nan,-1,-1,-1,-1,-1,-1,nan,0.4453,0.3802,1
1436,1403715345.062143087,4.3347,4.2942,nan,-1,-1,-1,-1,-1,-1,nan,0.5868,0.5236,1
1437,1403715345.112143278,4.2663,4.2700,nan,-1,-1,-1,-1,-1,-1,nan,0.6978,0.6348,1
1438,1403715345.162142992,24.8326,24.8232,nan,-1,-1,-1,-1,-1,-1,nan,21.1292,21.0672,1
1439,1403715345.212143183,4.3820,4.3102,nan,-1,-1,-1,-1,-1,-1,nan,0.4669,0.3893,1
1440,1403715345.262143135,4.0625,4.0417,nan,-1,-1,-1,-1,-1,-1,nan,0.5418,0.4835,1
1441,1403715345.312143087,4.0193,4.0232,nan,-1,-1,-1,-1,-1,-1,nan,0.6902,0.6342,1
1442,1403715345.362143040,44.2810,44.2855,nan,-1,-1,-1,-1,-1,-1,nan,40.8518,40.8012,1
1443,1403715345.412143230,3.9365,3.8904,nan,-1,-1,-1,-1,-1,-1,nan,0.4423,0.3771,1
1444,1403715345.462142944,4.1237,4.1145,nan,-1,-1,-1,-1,-1,-1,nan,0.5204,0.4703,1
1445,1403715345.512143135,3.9074,3.9113,nan,-1,-1,-1,-1,-1,-1,nan,0.6560,0.6026,1
1446,1403715345.562143087,16.2692,16.2728,nan,-1,-1,-1,-1,-1,-1,nan,12.9415,12.8955,1
1447,1403715345.612143278,3.5995,3.6042,nan,-1,-1,-1,-1,-1,-1,nan,0.3974,0.3470,1
1448,1403715345.662142992,3.7885,3.7837,nan,-1,-1,-1,-1,-1,-1,nan,0.5227,0.4725,1
1449,1403715345.712143183,3.8715,3.8678,nan,-1,-1,-1,-1,-1,-1,nan,0.6624,0.6112,1
1450,1403715345.762143135,15.8909,15.8946,nan,-1,-1,-1,-1,-1,-1,nan,12.7321,12.6743,1
1451,1403715345.812143087,3.6819,3.6777,nan,-1,-1,-1,-1,-1,-1,nan,0.3703,0.3200,1
1452,1403715345.862143040,3.7319,3.7288,nan,-1,-1,-1,-1,-1,-1,nan,0.5280,0.4759,1
1453,1403715345.912143230,4.1758,4.1505,nan,-1,-1,-1,-1,-1,-1,nan,0.6632,0.6044,1
1454,1403715345.962142944,22.2757,22.2810,nan,-1,-1,-1,-1,-1,-1,nan,19.0940,19.0446,1
1455,1403715346.012143135,3.5768,3.5769,nan,-1,-1,-1,-1,-1,-1,nan,0.3925,0.3380,1
1456,1403715346.062143087,3.6668,3.6668,nan,-1,-1,-1,-1,-1,-1,nan,0.5126,0.4598,1
1457,1403715346.112143278,3.8628,3.8623,nan,-1,-1,-1,-1,-1,-1,nan,0.6137,0.5615,1
1458,1403715346.162142992,15.5332,15.4848,nan,-1,-1,-1,-1,-1,-1,nan,12.3755,12.3243,1
1459,1403715346.212143183,3.7449,3.7325,nan,-1,-1,-1,-1,-1,-1,nan,0.4372,0.3685,1
1460,1403715346.262143135,3.6477,3.6540,nan,-1,-1,-1,-1,-1,-1,nan,0.5265,0.4725,1
1461,1403715346.312143087,3.6834,3.6869,nan,-1,-1,-1,-1,-1,-1,nan,0.6298,0.5791,1
1462,1403715346.362143040,15.5704,15.5568,nan,-1,-1,-1,-1,-1,-1,nan,12.3955,12.3277,1
1463,1403715346.412143230,3.6793,3.6395,nan,-1,-1,-1,-1,-1,-1,nan,0.4358,0.3732,1
1464,1403715346.462142944,3.8010,3.7895,nan,-1,-1,-1,-1,-1,-1,nan,0.5433,0.4871,1
1465,1403715346.512143135,3.8120,3.8161,nan,-1,-1,-1,-1,-1,-1,nan,0.6825,0.6228,1
1466,1403715346.562143087,15.2185,15.2199,nan,-1,-1,-1,-1,-1,-1,nan,12.1019,12.0464,1
1467,1403715346.612143278,3.6595,3.6572,nan,-1,-1,-1,-1,-1,-1,nan,0.4258,0.3688,1
1468,1403715346.662142992,3.9685,3.9308,nan,-1,-1,-1,-1,-1,-1,nan,0.5262,0.4691,1
1469,1403715346.712143183,3.9245,3.9183,nan,-1,-1,-1,-1,-1,-1,nan,0.6727,0.6091,1
1470,1403715346.762143135,14.9640,14.9678,nan,-1,-1,-1,-1,-1,-1,nan,11.8458,11.7882,1
1471,1403715346.812143087,3.7320,3.7190,nan,-1,-1,-1,-1,-1,-1,nan,0.4567,0.3896,1
1472,1403715346.862143040,3.8340,3.8140,nan,-1,-1,-1,-1,-1,-1,nan,0.5866,0.5289,1
1473,1403715346.912143230,3.8920,3.8986,nan,-1,-1,-1,-1,-1,-1,nan,0.7192,0.6577,1
1474,1403715346.962142944,15.2787,15.2585,nan,-1,-1,-1,-1,-1,-1,nan,12.0477,11.9867,1
1475,1403715347.012143135,4.2059,4.1557,nan,-1,-1,-1,-1,-1,-1,nan,0.4949,0.4247,1
1476,1403715347.062143087,4.1229,3.9618,nan,-1,-1,-1,-1,-1,-1,nan,0.6409,0.5794,1
1477,1403715347.112143278,4.0382,4.0411,nan,-1,-1,-1,-1,-1,-1,nan,0.7617,0.7006,1
1478,1403715347.162142992,15.2307,15.2233,nan,-1,-1,-1,-1,-1,-1,nan,11.9849,11.9201,1
1479,1403715347.212143183,3.7269,3.7351,nan,-1,-1,-1,-1,-1,-1,nan,0.5076,0.4420,1
1480,1403715347.262143135,3.9079,3.9068,nan,-1,-1,-1,-1,-1,-1,nan,0.6446,0.5797,1
1481,1403715347.312143087,4.1291,4.1290,nan,-1,-1,-1,-1,-1,-1,nan,0.7940,0.7252,1
1482,1403715347.362143040,15.5755,15.4989,nan,-1,-1,-1,-1,-1,-1,nan,12.1681,12.1059,1
1483,1403715347.412143230,4.8336,4.8046,nan,-1,-1,-1,-1,-1,-1,nan,0.6919,0.5360,1
1484,1403715347.462142944,3.8702,3.8668,nan,-1,-1,-1,-1,-1,-1,nan,0.5880,0.5198,1
1485,1403715347.512143135,3.9767,3.9805,nan,-1,-1,-1,-1,-1,-1,nan,0.6640,0.5960,1
1486,1403715347.562143087,15.6036,15.5978,nan,-1,-1,-1,-1,-1,-1,nan,12.2613,12.1948,1
1487,1403715347.612143278,3.8706,3.8632,nan,-1,-1,-1,-1,-1,-1,nan,0.4467,0.3752,1
1488,1403715347.662142992,4.0298,4.0120,nan,-1,-1,-1,-1,-1,-1,nan,0.5581,0.4880,1
1489,1403715347.712143183,4.0879,4.0536,nan,-1,-1,-1,-1,-1,-1,nan,0.6595,0.5929,1
1490,1403715347.762143135,15.7751,15.7460,nan,-1,-1,-1,-1,-1,-1,nan,12.0939,12.0177,1
1491,1403715347.812143087,3.4477,3.4513,nan,-1,-1,-1,-1,-1,-1,nan,0.4062,0.3521,1
1492,1403715347.862143040,3.8430,3.8225,nan,-1,-1,-1,-1,-1,-1,nan,0.5409,0.4790,1
1493,1403715347.912143230,4.0949,3.9973,nan,-1,-1,-1,-1,-1,-1,nan,0.6411,0.5858,1
1494,1403715347.962142944,15.6666,15.6465,nan,-1,-1,-1,-1,-1,-1,nan,12.3695,12.3141,1
1495,1403715348.012143135,3.6642,3.6486,nan,-1,-1,-1,-1,-1,-1,nan,0.3881,0.3226,1
1496,1403715348.062143087,3.5361,3.5400,nan,-1,-1,-1,-1,-1,-1,nan,0.4808,0.4216,1
1497,1403715348.112143278,3.7736,3.7659,nan,-1,-1,-1,-1,-1,-1,nan,0.5948,0.5390,1
1498,1403715348.162142992,15.7831,15.7870,nan,-1,-1,-1,-1,-1,-1,nan,12.6934,12.6365,1
1499,1403715348.212143183,3.8382,3.8096,nan,-1,-1,-1,-1,-1,-1,nan,0.3649,0.3112,1
1500,1403715348.262143135,3.7015,3.6845,nan,-1,-1,-1,-1,-1,-1,nan,0.4753,0.4181,1
1501,1403715348.312143087,3.6730,3.6769,nan,-1,-1,-1,-1,-1,-1,nan,0.5718,0.5131,1
1502,1403715348.362143040,22.4867,22.4828,nan,-1,-1,-1,-1,-1,-1,nan,19.3647,19.3074,1
1503,1403715348.412143230,3.5798,3.5842,nan,-1,-1,-1,-1,-1,-1,nan,0.3690,0.3106,1
1504,1403715348.462142944,3.7099,3.7140,nan,-1,-1,-1,-1,-1,-1,nan,0.4889,0.4271,1
1505,1403715348.512143135,4.0013,3.9952,nan,-1,-1,-1,-1,-1,-1,nan,0.6544,0.5810,1
1506,1403715348.562143087,16.5321,16.5241,nan,-1,-1,-1,-1,-1,-1,nan,13.1696,13.1095,1
1507,1403715348.612143278,3.9602,3.9068,nan,-1,-1,-1,-1,-1,-1,nan,0.4200,0.3502,1
1508,1403715348.662142992,3.9113,3.9030,nan,-1,-1,-1,-1,-1,-1,nan,0.5296,0.4662,1
1509,1403715348.712143183,4.1953,4.1788,nan,-1,-1,-1,-1,-1,-1,nan,0.6509,0.5879,1
1510,1403715348.762143135,16.9625,16.9168,nan,-1,-1,-1,-1,-1,-1,nan,13.5713,13.5063,1
1511,1403715348.812143087,3.8919,3.8897,nan,-1,-1,-1,-1,-1,-1,nan,0.4340,0.3582,1
1512,1403715348.862143040,4.2335,4.1251,nan,-1,-1,-1,-1,-1,-1,nan,0.5427,0.4751,1
1513,1403715348.912143230,4.0606,4.0655,nan,-1,-1,-1,-1,-1,-1,nan,0.6713,0.5986,1
1514,1403715348.962142944,16.7307,16.7115,nan,-1,-1,-1,-1,-1,-1,nan,13.2485,13.1828,1
1515,1403715349.012143135,3.7749,3.7763,nan,-1,-1,-1,-1,-1,-1,nan,0.4285,0.3596,1
1516,1403715349.062143087,3.9091,3.9077,nan,-1,-1,-1,-1,-1,-1,nan,0.5785,0.5015,1
1517,1403715349.112143278,4.0635,4.0641,nan,-1,-1,-1,-1,-1,-1,nan,0.6655,0.5953,1
1518,1403715349.162142992,16.0063,16.0105,nan,-1,-1,-1,-1,-1,-1,nan,12.6971,12.6286,1
1519,1403715349.212143183,3.9197,3.9245,nan,-1,-1,-1,-1,-1,-1,nan,0.4388,0.3611,1
1520,1403715349.262143135,3.9144,3.9036,nan,-1,-1,-1,-1,-1,-1,nan,0.5738,0.4986,1
1521,1403715349.312143087,4.1530,4.1397,nan,-1,-1,-1,-1,-1,-1,nan,0.6816,0.6068,1
1522,1403715349.362143040,15.1693,15.1733,nan,-1,-1,-1,-1,-1,-1,nan,11.8921,11.8237,1
1523,1403715349.412143230,3.7610,3.7587,nan,-1,-1,-1,-1,-1,-1,nan,0.4198,0.3520,1
1524,1403715349.462142944,4.1301,4.1184,nan,-1,-1,-1,-1,-1,-1,nan,0.6288,0.5409,1
1525,1403715349.512143135,4.2019,4.1831,nan,-1,-1,-1,-1,-1,-1,nan,0.7490,0.6688,1
1526,1403715349.562143087,15.6839,15.6837,nan,-1,-1,-1,-1,-1,-1,nan,12.3345,12.2661,1
1527,1403715349.612143278,3.8892,3.8284,nan,-1,-1,-1,-1,-1,-1,nan,0.4467,0.3777,1
1528,1403715349.662142992,3.8939,3.8975,nan,-1,-1,-1,-1,-1,-1,nan,0.6037,0.5340,1
1529,1403715349.712143183,4.0753,4.0793,nan,-1,-1,-1,-1,-1,-1,nan,0.7449,0.6778,1
1530,1403715349.762143135,15.8880,15.8776,nan,-1,-1,-1,-1,-1,-1,nan,12.5467,12.4740,1
1531,1403715349.812143087,3.8408,3.8425,nan,-1,-1,-1,-1,-1,-1,nan,0.4860,0.4077,1
1532,1403715349.862143040,3.9276,3.9315,nan,-1,-1,-1,-1,-1,-1,nan,0.6190,0.5500,1
1533,1403715349.912143230,4.0048,4.0087,nan,-1,-1,-1,-1,-1,-1,nan,0.7771,0.7048,1
1534,1403715349.962142944,16.4042,16.3808,nan,-1,-1,-1,-1,-1,-1,nan,12.8730,12.8018,1
1535,1403715350.012143135,4.2768,4.2519,nan,-1,-1,-1,-1,-1,-1,nan,0.4965,0.4155,1
1536,1403715350.062143087,4.4907,4.4360,nan,-1,-1,-1,-1,-1,-1,nan,0.6888,0.6097,1
1537,1403715350.112143278,4.4318,4.4355,nan,-1,-1,-1,-1,-1,-1,nan,0.8382,0.7659,1
1538,1403715350.162142992,17.2701,17.2610,nan,-1,-1,-1,-1,-1,-1,nan,13.4785,13.4002,1
1539,1403715350.212143183,4.0870,4.0907,nan,-1,-1,-1,-1,-1,-1,nan,0.5148,0.4395,1
1540,1403715350.262143135,4.1910,4.1947,nan,-1,-1,-1,-1,-1,-1,nan,0.6780,0.6024,1
1541,1403715350.312143087,4.4104,4.4140,nan,-1,-1,-1,-1,-1,-1,nan,0.8437,0.7677,1
1542,1403715350.362143040,17.5353,17.5392,nan,-1,-1,-1,-1,-1,-1,nan,13.9798,13.8947,1
1543,1403715350.412143230,4.1544,4.1584,nan,-1,-1,-1,-1,-1,-1,nan,0.5538,0.4666,1
1544,1403715350.462142944,4.4733,4.4666,nan,-1,-1,-1,-1,-1,-1,nan,0.7058,0.6250,1
1545,1403715350.512143135,4.4950,4.4985,nan,-1,-1,-1,-1,-1,-1,nan,0.8985,0.8171,1
1546,1403715350.562143087,17.9959,17.9995,nan,-1,-1,-1,-1,-1,-1,nan,14.3601,14.2784,1
1547,1403715350.612143278,4.3129,4.1621,nan,-1,-1,-1,-1,-1,-1,nan,0.5477,0.4618,1
1548,1403715350.662142992,4.4831,4.4590,nan,-1,-1,-1,-1,-1,-1,nan,0.7356,0.6553,1
1549,1403715350.712143183,4.7364,4.7021,nan,-1,-1,-1,-1,-1,-1,nan,1.0551,0.9710,1
1550,1403715350.762143135,17.8599,17.8546,nan,-1,-1,-1,-1,-1,-1,nan,14.3386,14.2540,1
1551,1403715350.812143087,4.1377,4.1180,nan,-1,-1,-1,-1,-1,-1,nan,0.5267,0.4470,1
1552,1403715350.862143040,4.4022,4.3759,nan,-1,-1,-1,-1,-1,-1,nan,0.7235,0.6453,1
1553,1403715350.912143230,4.5563,4.4671,nan,-1,-1,-1,-1,-1,-1,nan,1.0227,0.9484,1
1554,1403715350.962142944,17.4409,17.3036,nan,-1,-1,-1,-1,-1,-1,nan,13.6436,13.5740,1
1555,1403715351.012143135,4.0396,4.0122,nan,-1,-1,-1,-1,-1,-1,nan,0.5062,0.4299,1
1556,1403715351.062143087,4.1965,4.1766,nan,-1,-1,-1,-1,-1,-1,nan,0.6854,0.6119,1
1557,1403715351.112143278,4.5357,4.5095,nan,-1,-1,-1,-1,-1,-1,nan,1.0074,0.9353,1
1558,1403715351.162142992,17.1313,17.1100,nan,-1,-1,-1,-1,-1,-1,nan,13.6708,13.5967,1
1559,1403715351.212143183,4.2486,4.1410,nan,-1,-1,-1,-1,-1,-1,nan,0.5250,0.4494,1
1560,1403715351.262143135,4.2367,4.2142,nan,-1,-1,-1,-1,-1,-1,nan,0.6845,0.6132,1
1561,1403715351.312143087,4.1898,4.1935,nan,-1,-1,-1,-1,-1,-1,nan,0.8569,0.7829,1
1562,1403715351.362143040,17.0540,17.0577,nan,-1,-1,-1,-1,-1,-1,nan,13.7699,13.6997,1
1563,1403715351.412143230,3.8635,3.8655,nan,-1,-1,-1,-1,-1,-1,nan,0.5049,0.4308,1
1564,1403715351.462142944,4.0678,4.0630,nan,-1,-1,-1,-1,-1,-1,nan,0.6687,0.5947,1
1565,1403715351.512143135,4.3298,4.2599,nan,-1,-1,-1,-1,-1,-1,nan,0.8653,0.7905,1
1566,1403715351.562143087,16.8706,16.8741,nan,-1,-1,-1,-1,-1,-1,nan,13.6195,13.5488,1
1567,1403715351.612143278,3.7506,3.7545,nan,-1,-1,-1,-1,-1,-1,nan,0.4854,0.4150,1
1568,1403715351.662142992,4.0822,4.0758,nan,-1,-1,-1,-1,-1,-1,nan,0.6699,0.5971,1
1569,1403715351.712143183,4.3626,4.3618,nan,-1,-1,-1,-1,-1,-1,nan,0.9942,0.9198,1
1570,1403715351.762143135,17.5129,17.5083,nan,-1,-1,-1,-1,-1,-1,nan,14.1941,14.1235,1
1571,1403715351.812143087,3.8600,3.7527,nan,-1,-1,-1,-1,-1,-1,nan,0.5011,0.4313,1
1572,1403715351.862143040,4.1609,4.1370,nan,-1,-1,-1,-1,-1,-1,nan,0.7065,0.6356,1
1573,1403715351.912143230,4.0779,4.0841,nan,-1,-1,-1,-1,-1,-1,nan,0.8727,0.8036,1
1574,1403715351.962142944,25.4125,25.4105,nan,-1,-1,-1,-1,-1,-1,nan,22.1234,22.0575,1
1575,1403715352.012143135,3.9557,3.9310,nan,-1,-1,-1,-1,-1,-1,nan,0.5056,0.4395,1
1576,1403715352.062143087,4.1982,4.1488,nan,-1,-1,-1,-1,-1,-1,nan,0.6865,0.6110,1
1577,1403715352.112143278,4.3683,4.3663,nan,-1,-1,-1,-1,-1,-1,nan,1.0096,0.9398,1
1578,1403715352.162142992,25.7577,25.7164,nan,-1,-1,-1,-1,-1,-1,nan,22.2828,22.2130,1
1579,1403715352.212143183,3.8674,3.8650,nan,-1,-1,-1,-1,-1,-1,nan,0.5123,0.4404,1
1580,1403715352.262143135,4.0298,3.9954,nan,-1,-1,-1,-1,-1,-1,nan,0.6069,0.5458,1
1581,1403715352.312143087,4.0809,4.0680,nan,-1,-1,-1,-1,-1,-1,nan,0.7857,0.7177,1
1582,1403715352.362143040,26.0215,26.0188,nan,-1,-1,-1,-1,-1,-1,nan,22.7545,22.6917,1
1583,1403715352.412143230,4.1055,4.0610,nan,-1,-1,-1,-1,-1,-1,nan,0.5415,0.4527,1
1584,1403715352.462142944,4.4253,4.3266,nan,-1,-1,-1,-1,-1,-1,nan,0.6700,0.5991,1
1585,1403715352.512143135,4.9497,4.7085,nan,-1,-1,-1,-1,-1,-1,nan,0.8363,0.7672,1
1586,1403715352.562143087,26.7358,26.7045,nan,-1,-1,-1,-1,-1,-1,nan,23.2352,23.1593,1
1587,1403715352.612143278,4.2263,4.1075,nan,-1,-1,-1,-1,-1,-1,nan,0.5346,0.4630,1
1588,1403715352.662142992,4.3375,4.3198,nan,-1,-1,-1,-1,-1,-1,nan,0.7178,0.6483,1
1589,1403715352.712143183,4.2217,4.2257,nan,-1,-1,-1,-1,-1,-1,nan,0.8759,0.8073,1
1590,1403715352.762143135,49.9117,49.9154,nan,-1,-1,-1,-1,-1,-1,nan,46.4676,46.3973,1
1591,1403715352.812143087,3.8193,3.8232,nan,-1,-1,-1,-1,-1,-1,nan,0.5474,0.4757,1
1592,1403715352.862143040,4.1819,4.1028,nan,-1,-1,-1,-1,-1,-1,nan,0.7160,0.6460,1
1593,1403715352.912143230,4.1852,4.1887,nan,-1,-1,-1,-1,-1,-1,nan,0.9185,0.8512,1
1594,1403715352.962142944,18.2490,18.1485,nan,-1,-1,-1,-1,-1,-1,nan,14.9185,14.8523,1
1595,1403715353.012143135,3.8592,3.8630,nan,-1,-1,-1,-1,-1,-1,nan,0.5623,0.4850,1
1596,1403715353.062143087,4.1330,4.1364,nan,-1,-1,-1,-1,-1,-1,nan,0.7443,0.6742,1
1597,1403715353.112143278,4.1637,4.1671,nan,-1,-1,-1,-1,-1,-1,nan,0.8908,0.8252,1
1598,1403715353.162142992,48.6680,48.6761,nan,-1,-1,-1,-1,-1,-1,nan,45.1243,45.0469,1
1599,1403715353.212143183,3.8329,3.8367,nan,-1,-1,-1,-1,-1,-1,nan,0.5592,0.4826,1
1600,1403715353.262143135,4.0804,4.0844,nan,-1,-1,-1,-1,-1,-1,nan,0.7574,0.6816,1
1601,1403715353.312143087,4.5854,4.5800,nan,-1,-1,-1,-1,-1,-1,nan,0.9215,0.8464,1
1602,1403715353.362143040,17.9392,17.8692,nan,-1,-1,-1,-1,-1,-1,nan,14.0790,13.9937,1
1603,1403715353.412143230,3.8270,3.8305,nan,-1,-1,-1,-1,-1,-1,nan,0.5320,0.4616,1
1604,1403715353.462142944,3.9566,3.9605,nan,-1,-1,-1,-1,-1,-1,nan,0.6972,0.6324,1
1605,1403715353.512143135,4.4697,4.4586,nan,-1,-1,-1,-1,-1,-1,nan,1.0285,0.9675,1
1606,1403715353.562143087,17.2657,17.2699,nan,-1,-1,-1,-1,-1,-1,nan,14.0467,13.9845,1
1607,1403715353.612143278,3.9058,3.9095,nan,-1,-1,-1,-1,-1,-1,nan,0.5603,0.4951,1
1608,1403715353.662142992,4.0938,4.0971,nan,-1,-1,-1,-1,-1,-1,nan,0.8138,0.7478,1
1609,1403715353.712143183,4.3019,4.3053,nan,-1,-1,-1,-1,-1,-1,nan,1.1071,1.0472,1
1610,1403715353.762143135,17.6480,17.6429,nan,-1,-1,-1,-1,-1,-1,nan,14.1035,14.0370,1
1611,1403715353.812143087,3.8416,3.8453,nan,-1,-1,-1,-1,-1,-1,nan,0.5402,0.4746,1
1612,1403715353.862143040,4.0276,4.0310,nan,-1,-1,-1,-1,-1,-1,nan,0.7360,0.6683,1
1613,1403715353.912143230,4.4737,4.4650,nan,-1,-1,-1,-1,-1,-1,nan,0.9267,0.8579,1
1614,1403715353.962142944,17.3329,17.3366,nan,-1,-1,-1,-1,-1,-1,nan,14.0939,14.0247,1
1615,1403715354.012143135,3.9818,3.9765,nan,-1,-1,-1,-1,-1,-1,nan,0.5917,0.5180,1
1616,1403715354.062143087,4.1354,4.1299,nan,-1,-1,-1,-1,-1,-1,nan,0.7920,0.7198,1
1617,1403715354.112143278,4.5249,4.5118,nan,-1,-1,-1,-1,-1,-1,nan,0.9859,0.9157,1
1618,1403715354.162142992,25.1065,25.1034,nan,-1,-1,-1,-1,-1,-1,nan,21.8570,21.7900,1
1619,1403715354.212143183,4.1957,4.1576,nan,-1,-1,-1,-1,-1,-1,nan,0.5882,0.5138,1
1620,1403715354.262143135,3.9778,3.9815,nan,-1,-1,-1,-1,-1,-1,nan,0.7751,0.7058,1
1621,1403715354.312143087,4.4879,4.4454,nan,-1,-1,-1,-1,-1,-1,nan,1.1436,1.0718,1
1622,1403715354.362143040,25.5706,25.5612,nan,-1,-1,-1,-1,-1,-1,nan,22.1789,22.1048,1
1623,1403715354.412143230,3.8178,3.8197,nan,-1,-1,-1,-1,-1,-1,nan,0.6065,0.5294,1
1624,1403715354.462142944,4.2102,4.1989,nan,-1,-1,-1,-1,-1,-1,nan,0.8635,0.7927,1
1625,1403715354.512143135,4.4531,4.4567,nan,-1,-1,-1,-1,-1,-1,nan,1.2770,1.1976,1
1626,1403715354.562143087,27.4435,27.4338,nan,-1,-1,-1,-1,-1,-1,nan,24.0495,23.9700,1
1627,1403715354.612143278,4.1410,4.1382,nan,-1,-1,-1,-1,-1,-1,nan,0.6620,0.5749,1
1628,1403715354.662142992,4.3662,4.3640,nan,-1,-1,-1,-1,-1,-1,nan,0.9791,0.9035,1
1629,1403715354.712143183,4.6580,4.6545,nan,-1,-1,-1,-1,-1,-1,nan,1.3265,1.2457,1
1630,1403715354.762143135,54.7492,54.7332,nan,-1,-1,-1,-1,-1,-1,nan,51.1867,51.1084,1
1631,1403715354.812143087,4.5269,4.4475,nan,-1,-1,-1,-1,-1,-1,nan,0.7528,0.6621,1
1632,1403715354.862143040,4.7694,4.7143,nan,-1,-1,-1,-1,-1,-1,nan,1.1251,1.0307,1
1633,1403715354.912143230,5.3033,5.1927,nan,-1,-1,-1,-1,-1,-1,nan,1.3265,1.2418,1
1634,1403715354.962142944,21.0522,20.9948,nan,-1,-1,-1,-1,-1,-1,nan,16.6727,16.5873,1
1635,1403715355.012143135,4.4846,4.4470,nan,-1,-1,-1,-1,-1,-1,nan,0.6596,0.5710,1
1636,1403715355.062143087,4.9928,4.8917,nan,-1,-1,-1,-1,-1,-1,nan,0.9005,0.8102,1
1637,1403715355.112143278,4.9708,4.9632,nan,-1,-1,-1,-1,-1,-1,nan,1.3010,1.2175,1
1638,1403715355.162142992,20.7816,20.7025,nan,-1,-1,-1,-1,-1,-1,nan,16.8810,16.8017,1
1639,1403715355.212143183,4.1239,4.1283,nan,-1,-1,-1,-1,-1,-1,nan,0.5856,0.5074,1
1640,1403715355.262143135,4.1924,4.1919,nan,-1,-1,-1,-1,-1,-1,nan,0.8145,0.7357,1
1641,1403715355.312143087,4.7542,4.6614,nan,-1,-1,-1,-1,-1,-1,nan,1.0059,0.9289,1
1642,1403715355.362143040,20.4920,20.4510,nan,-1,-1,-1,-1,-1,-1,nan,17.0606,16.9878,1
1643,1403715355.412143230,4.1430,4.1145,nan,-1,-1,-1,-1,-1,-1,nan,0.4941,0.4282,1
1644,1403715355.462142944,4.0663,4.0682,nan,-1,-1,-1,-1,-1,-1,nan,0.6856,0.6135,1
1645,1403715355.512143135,4.3627,4.3666,nan,-1,-1,-1,-1,-1,-1,nan,0.8560,0.7893,1
1646,1403715355.562143087,20.8739,20.7942,nan,-1,-1,-1,-1,-1,-1,nan,17.3820,17.3194,1
1647,1403715355.612143278,3.8165,3.7872,nan,-1,-1,-1,-1,-1,-1,nan,0.4958,0.4264,1
1648,1403715355.662142992,4.3277,4.2877,nan,-1,-1,-1,-1,-1,-1,nan,0.6470,0.5858,1
1649,1403715355.712143183,4.6207,4.3175,nan,-1,-1,-1,-1,-1,-1,nan,0.8227,0.7570,1
1650,1403715355.762143135,55.4814,55.4629,nan,-1,-1,-1,-1,-1,-1,nan,52.0049,51.9404,1
1651,1403715355.812143087,4.0391,3.9810,nan,-1,-1,-1,-1,-1,-1,nan,0.4942,0.4238,1
1652,1403715355.862143040,4.0679,4.0051,nan,-1,-1,-1,-1,-1,-1,nan,0.6708,0.5977,1
1653,1403715355.912143230,4.2240,4.1809,nan,-1,-1,-1,-1,-1,-1,nan,0.8833,0.8132,1
1654,1403715355.962142944,20.5905,20.5320,nan,-1,-1,-1,-1,-1,-1,nan,17.0224,16.9505,1
1655,1403715356.012143135,4.0849,4.0889,nan,-1,-1,-1,-1,-1,-1,nan,0.5603,0.4908,1
1656,1403715356.062143087,4.0570,4.0610,nan,-1,-1,-1,-1,-1,-1,nan,0.7695,0.6990,1
1657,1403715356.112143278,4.2782,4.2032,nan,-1,-1,-1,-1,-1,-1,nan,0.9237,0.8604,1
1658,1403715356.162142992,19.6802,19.6407,nan,-1,-1,-1,-1,-1,-1,nan,16.4383,16.3675,1
1659,1403715356.212143183,4.2361,4.1577,nan,-1,-1,-1,-1,-1,-1,nan,0.6118,0.5295,1
1660,1403715356.262143135,4.6063,4.4585,nan,-1,-1,-1,-1,-1,-1,nan,0.7837,0.7103,1
1661,1403715356.312143087,5.1383,4.9389,nan,-1,-1,-1,-1,-1,-1,nan,1.1306,1.0574,1
1662,1403715356.362143040,19.6875,19.6550,nan,-1,-1,-1,-1,-1,-1,nan,16.2712,16.2022,1
1663,1403715356.412143230,4.2386,4.2362,nan,-1,-1,-1,-1,-1,-1,nan,0.6768,0.5850,1
1664,1403715356.462142944,4.4187,4.3706,nan,-1,-1,-1,-1,-1,-1,nan,0.8654,0.7815,1
1665,1403715356.512143135,5.3566,5.2595,nan,-1,-1,-1,-1,-1,-1,nan,1.1205,1.0470,1
1666,1403715356.562143087,19.3538,19.3230,nan,-1,-1,-1,-1,-1,-1,nan,15.9865,15.9154,1
1667,1403715356.612143278,4.1937,4.1268,nan,-1,-1,-1,-1,-1,-1,nan,0.5777,0.5010,1
1668,1403715356.662142992,3.9150,3.8772,nan,-1,-1,-1,-1,-1,-1,nan,0.7530,0.6803,1
1669,1403715356.712143183,4.4690,4.3974,nan,-1,-1,-1,-1,-1,-1,nan,1.1036,1.0318,1
1670,1403715356.762143135,18.6485,18.5980,nan,-1,-1,-1,-1,-1,-1,nan,15.0742,15.0058,1
1671,1403715356.812143087,3.5831,3.5778,nan,-1,-1,-1,-1,-1,-1,nan,0.4928,0.4261,1
1672,1403715356.862143040,3.7448,3.7514,nan,-1,-1,-1,-1,-1,-1,nan,0.6871,0.6218,1
1673,1403715356.912143230,3.9765,3.9802,nan,-1,-1,-1,-1,-1,-1,nan,0.9522,0.8912,1
1674,1403715356.962142944,17.1835,17.1621,nan,-1,-1,-1,-1,-1,-1,nan,14.0569,13.9973,1
1675,1403715357.012143135,3.5498,3.5440,nan,-1,-1,-1,-1,-1,-1,nan,0.4535,0.3970,1
1676,1403715357.062143087,3.8087,3.8054,nan,-1,-1,-1,-1,-1,-1,nan,0.6168,0.5541,1
1677,1403715357.112143278,3.9669,3.9617,nan,-1,-1,-1,-1,-1,-1,nan,0.7598,0.6965,1
1678,1403715357.162142992,17.5891,17.5665,nan,-1,-1,-1,-1,-1,-1,nan,14.2035,14.1374,1
1679,1403715357.212143183,3.7134,3.7120,nan,-1,-1,-1,-1,-1,-1,nan,0.4737,0.4045,1
1680,1403715357.262143135,3.7832,3.7873,nan,-1,-1,-1,-1,-1,-1,nan,0.6165,0.5407,1
1681,1403715357.312143087,4.0787,3.9940,nan,-1,-1,-1,-1,-1,-1,nan,0.8082,0.7356,1
1682,1403715357.362143040,16.8230,16.7932,nan,-1,-1,-1,-1,-1,-1,nan,13.4031,13.3440,1
1683,1403715357.412143230,3.5907,3.5861,nan,-1,-1,-1,-1,-1,-1,nan,0.4563,0.4000,1
1684,1403715357.462142944,3.5862,3.5898,nan,-1,-1,-1,-1,-1,-1,nan,0.6073,0.5515,1
1685,1403715357.512143135,3.8012,3.7981,nan,-1,-1,-1,-1,-1,-1,nan,0.7475,0.6949,1
1686,1403715357.562143087,16.6948,16.6985,nan,-1,-1,-1,-1,-1,-1,nan,13.7071,13.6553,1
1687,1403715357.612143278,3.6570,3.6609,nan,-1,-1,-1,-1,-1,-1,nan,0.5703,0.5141,1
1688,1403715357.662142992,3.6547,3.6564,nan,-1,-1,-1,-1,-1,-1,nan,0.6853,0.6258,1
1689,1403715357.712143183,3.8321,3.8337,nan,-1,-1,-1,-1,-1,-1,nan,0.8546,0.7995,1
1690,1403715357.762143135,17.1426,17.1463,nan,-1,-1,-1,-1,-1,-1,nan,14.1065,14.0458,1
1691,1403715357.812143087,3.6669,3.6597,nan,-1,-1,-1,-1,-1,-1,nan,0.5061,0.4430,1
1692,1403715357.862143040,3.8539,3.8503,nan,-1,-1,-1,-1,-1,-1,nan,0.6968,0.6362,1
1693,1403715357.912143230,4.3440,4.2645,nan,-1,-1,-1,-1,-1,-1,nan,1.0143,0.9512,1
1694,1403715357.962142944,17.5457,17.5301,nan,-1,-1,-1,-1,-1,-1,nan,14.3495,14.2881,1
1695,1403715358.012143135,3.6305,3.6266,nan,-1,-1,-1,-1,-1,-1,nan,0.5185,0.4558,1
1696,1403715358.062143087,3.8487,3.8554,nan,-1,-1,-1,-1,-1,-1,nan,0.7582,0.6892,1
1697,1403715358.112143278,4.2577,4.2615,nan,-1,-1,-1,-1,-1,-1,nan,1.0893,1.0222,1
1698,1403715358.162142992,17.7020,17.7056,nan,-1,-1,-1,-1,-1,-1,nan,14.5206,14.4557,1
1699,1403715358.212143183,3.8122,3.7175,nan,-1,-1,-1,-1,-1,-1,nan,0.6042,0.5328,1
1700,1403715358.262143135,3.9186,3.9223,nan,-1,-1,-1,-1,-1,-1,nan,0.7451,0.6764,1
1701,1403715358.312143087,4.1616,4.1609,nan,-1,-1,-1,-1,-1,-1,nan,0.9377,0.8693,1
1702,1403715358.362143040,17.5218,17.5255,nan,-1,-1,-1,-1,-1,-1,nan,14.3712,14.3017,1
1703,1403715358.412143230,3.8478,3.8430,nan,-1,-1,-1,-1,-1,-1,nan,0.5479,0.4755,1
1704,1403715358.462142944,4.1058,4.0519,nan,-1,-1,-1,-1,-1,-1,nan,0.7252,0.6589,1
1705,1403715358.512143135,4.0293,4.0214,nan,-1,-1,-1,-1,-1,-1,nan,0.8905,0.8235,1
1706,1403715358.562143087,17.3120,17.3093,nan,-1,-1,-1,-1,-1,-1,nan,14.0628,13.9989,1
1707,1403715358.612143278,3.8005,3.7933,nan,-1,-1,-1,-1,-1,-1,nan,0.4794,0.4076,1
1708,1403715358.662142992,3.7213,3.7248,nan,-1,-1,-1,-1,-1,-1,nan,0.6058,0.5442,1
1709,1403715358.712143183,3.8487,3.8555,nan,-1,-1,-1,-1,-1,-1,nan,0.7428,0.6864,1
1710,1403715358.762143135,16.8648,16.7738,nan,-1,-1,-1,-1,-1,-1,nan,13.6704,13.6067,1
1711,1403715358.812143087,3.5338,3.5375,nan,-1,-1,-1,-1,-1,-1,nan,0.4336,0.3739,1
1712,1403715358.862143040,3.7160,3.6854,nan,-1,-1,-1,-1,-1,-1,nan,0.5565,0.5015,1
1713,1403715358.912143230,4.2351,4.2221,nan,-1,-1,-1,-1,-1,-1,nan,0.6951,0.6393,1
1714,1403715358.962142944,16.7030,16.7065,nan,-1,-1,-1,-1,-1,-1,nan,13.3093,13.2510,1
1715,1403715359.012143135,3.7841,3.7857,nan,-1,-1,-1,-1,-1,-1,nan,0.4182,0.3588,1
1716,1403715359.062143087,4.0245,4.0280,nan,-1,-1,-1,-1,-1,-1,nan,0.6026,0.5432,1
1717,1403715359.112143278,4.1455,4.1489,nan,-1,-1,-1,-1,-1,-1,nan,0.7217,0.6620,1
1718,1403715359.162142992,16.7377,16.7385,nan,-1,-1,-1,-1,-1,-1,nan,13.3474,13.2879,1
1719,1403715359.212143183,4.0902,4.0749,nan,-1,-1,-1,-1,-1,-1,nan,0.4791,0.4209,1
1720,1403715359.262143135,4.1131,4.1167,nan,-1,-1,-1,-1,-1,-1,nan,0.6264,0.5622,1
1721,1403715359.312143087,4.3614,4.3625,nan,-1,-1,-1,-1,-1,-1,nan,0.7791,0.7183,1
1722,1403715359.362143040,17.2628,17.2663,nan,-1,-1,-1,-1,-1,-1,nan,13.7149,13.6536,1
1723,1403715359.412143230,4.0372,4.0410,nan,-1,-1,-1,-1,-1,-1,nan,0.4893,0.4260,1
1724,1403715359.462142944,4.3420,4.3385,nan,-1,-1,-1,-1,-1,-1,nan,0.6653,0.5945,1
1725,1403715359.512143135,4.3513,4.3548,nan,-1,-1,-1,-1,-1,-1,nan,0.8401,0.7735,1
1726,1403715359.562143087,18.4121,18.3727,nan,-1,-1,-1,-1,-1,-1,nan,14.4163,14.3488,1
1727,1403715359.612143278,4.2040,4.2027,nan,-1,-1,-1,-1,-1,-1,nan,0.4839,0.4174,1
1728,1403715359.662142992,4.3336,4.3315,nan,-1,-1,-1,-1,-1,-1,nan,0.6262,0.5600,1
1729,1403715359.712143183,4.6115,4.5839,nan,-1,-1,-1,-1,-1,-1,nan,0.8109,0.7417,1
1730,1403715359.762143135,17.8170,17.8167,nan,-1,-1,-1,-1,-1,-1,nan,14.1517,14.0830,1
1731,1403715359.812143087,4.1654,4.1595,nan,-1,-1,-1,-1,-1,-1,nan,0.4474,0.3812,1
1732,1403715359.862143040,4.1495,4.1536,nan,-1,-1,-1,-1,-1,-1,nan,0.6297,0.5650,1
1733,1403715359.912143230,7.0067,6.9044,nan,-1,-1,-1,-1,-1,-1,nan,0.9330,0.8123,1
1734,1403715359.962142944,46.8464,46.7811,nan,-1,-1,-1,-1,-1,-1,nan,43.1265,43.0375,1
1735,1403715360.012143135,3.9973,3.9781,nan,-1,-1,-1,-1,-1,-1,nan,0.4766,0.3983,1
1736,1403715360.062143087,3.9777,3.9750,nan,-1,-1,-1,-1,-1,-1,nan,0.6402,0.5717,1
1737,1403715360.112143278,3.9135,3.9120,nan,-1,-1,-1,-1,-1,-1,nan,0.7840,0.7168,1
1738,1403715360.162142992,16.6905,16.6940,nan,-1,-1,-1,-1,-1,-1,nan,13.5003,13.4363,1
1739,1403715360.212143183,3.7524,3.7499,nan,-1,-1,-1,-1,-1,-1,nan,0.4622,0.3920,1
1740,1403715360.262143135,4.1465,4.1318,nan,-1,-1,-1,-1,-1,-1,nan,0.6611,0.5890,1
1741,1403715360.312143087,4.0055,4.0091,nan,-1,-1,-1,-1,-1,-1,nan,0.8406,0.7692,1
1742,1403715360.362143040,16.5272,16.5244,nan,-1,-1,-1,-1,-1,-1,nan,13.2570,13.1814,1
1743,1403715360.412143230,3.6790,3.6806,nan,-1,-1,-1,-1,-1,-1,nan,0.4680,0.4013,1
1744,1403715360.462142944,3.8236,3.8271,nan,-1,-1,-1,-1,-1,-1,nan,0.6336,0.5672,1
1745,1403715360.512143135,4.0983,4.0874,nan,-1,-1,-1,-1,-1,-1,nan,0.8070,0.7374,1
1746,1403715360.562143087,16.3470,16.3481,nan,-1,-1,-1,-1,-1,-1,nan,13.1124,13.0415,1
1747,1403715360.612143278,3.6834,3.6869,nan,-1,-1,-1,-1,-1,-1,nan,0.4152,0.3554,1
1748,1403715360.662142992,3.9924,3.9906,nan,-1,-1,-1,-1,-1,-1,nan,0.6047,0.5340,1
1749,1403715360.712143183,4.4130,4.4196,nan,-1,-1,-1,-1,-1,-1,nan,0.7694,0.7021,1
1750,1403715360.762143135,16.4285,16.4303,nan,-1,-1,-1,-1,-1,-1,nan,13.0540,12.9946,1
1751,1403715360.812143087,4.0705,4.0461,nan,-1,-1,-1,-1,-1,-1,nan,0.4464,0.3750,1
1752,1403715360.862143040,4.1273,4.1202,nan,-1,-1,-1,-1,-1,-1,nan,0.5420,0.4811,1
1753,1403715360.912143230,3.8593,3.8653,nan,-1,-1,-1,-1,-1,-1,nan,0.6697,0.6097,1
1754,1403715360.962142944,16.3303,16.3319,nan,-1,-1,-1,-1,-1,-1,nan,13.0682,13.0092,1
1755,1403715361.012143135,3.6437,3.6475,nan,-1,-1,-1,-1,-1,-1,nan,0.4184,0.3582,1
1756,1403715361.062143087,4.0089,4.0046,nan,-1,-1,-1,-1,-1,-1,nan,0.5691,0.5103,1
1757,1403715361.112143278,4.3411,4.3293,nan,-1,-1,-1,-1,-1,-1,nan,0.7724,0.7030,1
1758,1403715361.162142992,17.0308,17.0285,nan,-1,-1,-1,-1,-1,-1,nan,13.6552,13.5824,1
1759,1403715361.212143183,3.8591,3.8550,nan,-1,-1,-1,-1,-1,-1,nan,0.5016,0.4261,1
1760,1403715361.262143135,3.9814,3.9849,nan,-1,-1,-1,-1,-1,-1,nan,0.6704,0.5967,1
1761,1403715361.312143087,4.2752,4.2793,nan,-1,-1,-1,-1,-1,-1,nan,0.8394,0.7648,1
1762,1403715361.362143040,17.2223,17.2260,nan,-1,-1,-1,-1,-1,-1,nan,13.8686,13.8015,1
1763,1403715361.412143230,4.2656,4.2152,nan,-1,-1,-1,-1,-1,-1,nan,0.3092,0.2623,1
1764,1403715361.462142944,3.9009,3.9048,nan,-1,-1,-1,-1,-1,-1,nan,0.4568,0.3853,1
1765,1403715361.512143135,4.0456,4.0403,nan,-1,-1,-1,-1,-1,-1,nan,0.5278,0.4666,1
1766,1403715361.562143087,17.1803,17.1795,nan,-1,-1,-1,-1,-1,-1,nan,13.7270,13.6674,1
1767,1403715361.612143278,3.7600,3.7563,nan,-1,-1,-1,-1,-1,-1,nan,0.4162,0.3393,1
1768,1403715361.662142992,4.1025,4.0655,nan,-1,-1,-1,-1,-1,-1,nan,0.5289,0.4588,1
1769,1403715361.712143183,4.4075,4.3872,nan,-1,-1,-1,-1,-1,-1,nan,0.6803,0.6033,1
1770,1403715361.762143135,16.7959,16.7995,nan,-1,-1,-1,-1,-1,-1,nan,13.4048,13.3300,1
1771,1403715361.812143087,3.7720,3.7728,nan,-1,-1,-1,-1,-1,-1,nan,0.5065,0.4399,1
1772,1403715361.862143040,3.8560,3.8488,nan,-1,-1,-1,-1,-1,-1,nan,0.6092,0.5429,1
1773,1403715361.912143230,3.8237,3.8274,nan,-1,-1,-1,-1,-1,-1,nan,0.7086,0.6453,1
1774,1403715361.962142944,16.5493,16.5506,nan,-1,-1,-1,-1,-1,-1,nan,13.4291,13.3687,1
1775,1403715362.012143135,3.5939,3.5948,nan,-1,-1,-1,-1,-1,-1,nan,0.4887,0.4225,1
1776,1403715362.062143087,3.7015,3.7037,nan,-1,-1,-1,-1,-1,-1,nan,0.5902,0.5285,1
1777,1403715362.112143278,3.9653,3.9590,nan,-1,-1,-1,-1,-1,-1,nan,0.7535,0.6854,1
1778,1403715362.162142992,16.6021,16.5984,nan,-1,-1,-1,-1,-1,-1,nan,13.3472,13.2824,1
1779,1403715362.212143183,3.6783,3.6675,nan,-1,-1,-1,-1,-1,-1,nan,0.4358,0.3705,1
1780,1403715362.262143135,3.9743,3.9357,nan,-1,-1,-1,-1,-1,-1,nan,0.5623,0.5011,1
1781,1403715362.312143087,3.9522,3.9537,nan,-1,-1,-1,-1,-1,-1,nan,0.7083,0.6451,1
1782,1403715362.362143040,16.3252,16.3259,nan,-1,-1,-1,-1,-1,-1,nan,13.1863,13.1219,1
1783,1403715362.412143230,3.5940,3.5976,nan,-1,-1,-1,-1,-1,-1,nan,0.4245,0.3616,1
1784,1403715362.462142944,3.7282,3.7318,nan,-1,-1,-1,-1,-1,-1,nan,0.5477,0.4847,1
1785,1403715362.512143135,3.8419,3.8384,nan,-1,-1,-1,-1,-1,-1,nan,0.6590,0.5950,1
1786,1403715362.562143087,36.0378,36.0374,nan,-1,-1,-1,-1,-1,-1,nan,32.8859,32.8214,1
1787,1403715362.612143278,3.6857,3.6833,nan,-1,-1,-1,-1,-1,-1,nan,0.4053,0.3404,1
1788,1403715362.662142992,3.6993,3.6957,nan,-1,-1,-1,-1,-1,-1,nan,0.5393,0.4737,1
1789,1403715362.712143183,3.7666,3.7581,nan,-1,-1,-1,-1,-1,-1,nan,0.6208,0.5592,1
1790,1403715362.762143135,16.3796,16.3751,nan,-1,-1,-1,-1,-1,-1,nan,13.0260,12.9648,1
1791,1403715362.812143087,3.6313,3.6176,nan,-1,-1,-1,-1,-1,-1,nan,0.4268,0.3636,1
1792,1403715362.862143040,3.8902,3.8787,nan,-1,-1,-1,-1,-1,-1,nan,0.5914,0.5190,1
1793,1403715362.912143230,4.0661,4.0355,nan,-1,-1,-1,-1,-1,-1,nan,0.6702,0.6083,1
1794,1403715362.962142944,41.8622,41.8471,nan,-1,-1,-1,-1,-1,-1,nan,38.6258,38.5644,1
1795,1403715363.012143135,4.0070,3.9662,nan,-1,-1,-1,-1,-1,-1,nan,0.4359,0.3664,1
1796,1403715363.062143087,3.8342,3.8355,nan,-1,-1,-1,-1,-1,-1,nan,0.5868,0.5202,1
1797,1403715363.112143278,4.1440,4.1342,nan,-1,-1,-1,-1,-1,-1,nan,0.6884,0.6252,1
1798,1403715363.162142992,16.0417,15.9483,nan,-1,-1,-1,-1,-1,-1,nan,12.4849,12.4200,1
1799,1403715363.212143183,3.6849,3.6808,nan,-1,-1,-1,-1,-1,-1,nan,0.4705,0.4036,1
1800,1403715363.262143135,3.6954,3.6612,nan,-1,-1,-1,-1,-1,-1,nan,0.5949,0.5320,1
1801,1403715363.312143087,3.8654,3.8624,nan,-1,-1,-1,-1,-1,-1,nan,0.7639,0.7000,1
1802,1403715363.362143040,15.5967,15.5483,nan,-1,-1,-1,-1,-1,-1,nan,12.1701,12.1064,1
1803,1403715363.412143230,3.6919,3.6908,nan,-1,-1,-1,-1,-1,-1,nan,0.4224,0.3580,1
1804,1403715363.462142944,3.9195,3.8659,nan,-1,-1,-1,-1,-1,-1,nan,0.5366,0.4742,1
1805,1403715363.512143135,3.8081,3.8117,nan,-1,-1,-1,-1,-1,-1,nan,0.6872,0.6236,1
1806,1403715363.562143087,15.0517,15.0477,nan,-1,-1,-1,-1,-1,-1,nan,11.9408,11.8756,1
1807,1403715363.612143278,3.5275,3.5271,nan,-1,-1,-1,-1,-1,-1,nan,0.3622,0.2998,1
1808,1403715363.662142992,3.6002,3.6036,nan,-1,-1,-1,-1,-1,-1,nan,0.4980,0.4370,1
1809,1403715363.712143183,3.8497,3.7931,nan,-1,-1,-1,-1,-1,-1,nan,0.5976,0.5350,1
1810,1403715363.762143135,15.3058,15.3093,nan,-1,-1,-1,-1,-1,-1,nan,12.2445,12.1777,1
1811,1403715363.812143087,3.6591,3.6222,nan,-1,-1,-1,-1,-1,-1,nan,0.2826,0.2309,1
1812,1403715363.862143040,3.1730,3.1766,nan,-1,-1,-1,-1,-1,-1,nan,0.3538,0.3082,1
1813,1403715363.912143230,3.3442,3.3438,nan,-1,-1,-1,-1,-1,-1,nan,0.4758,0.4325,1
1814,1403715363.962142944,15.1023,15.0996,nan,-1,-1,-1,-1,-1,-1,nan,12.2291,12.1832,1
1815,1403715364.012143135,3.1772,3.1760,nan,-1,-1,-1,-1,-1,-1,nan,0.2580,0.2164,1
1816,1403715364.062143087,3.2566,3.2573,nan,-1,-1,-1,-1,-1,-1,nan,0.3890,0.3467,1
1817,1403715364.112143278,3.5133,3.5022,nan,-1,-1,-1,-1,-1,-1,nan,0.4671,0.4280,1
1818,1403715364.162142992,15.4205,15.4108,nan,-1,-1,-1,-1,-1,-1,nan,12.2552,12.1954,1
1819,1403715364.212143183,3.2553,3.2590,nan,-1,-1,-1,-1,-1,-1,nan,0.3168,0.2627,1
1820,1403715364.262143135,3.2627,3.2660,nan,-1,-1,-1,-1,-1,-1,nan,0.3733,0.3310,1
1821,1403715364.312143087,3.3606,3.3642,nan,-1,-1,-1,-1,-1,-1,nan,0.4926,0.4498,1
1822,1403715364.362143040,14.9405,14.9439,nan,-1,-1,-1,-1,-1,-1,nan,11.8683,11.8198,1
1823,1403715364.412143230,3.5657,3.5604,nan,-1,-1,-1,-1,-1,-1,nan,0.3076,0.2604,1
1824,1403715364.462142944,3.5517,3.5479,nan,-1,-1,-1,-1,-1,-1,nan,0.4598,0.4043,1
1825,1403715364.512143135,3.7108,3.6995,nan,-1,-1,-1,-1,-1,-1,nan,0.4977,0.4529,1
1826,1403715364.562143087,39.2151,39.2185,nan,-1,-1,-1,-1,-1,-1,nan,36.2290,36.1810,1
1827,1403715364.612143278,3.3625,3.3663,nan,-1,-1,-1,-1,-1,-1,nan,0.3331,0.2750,1
1828,1403715364.662142992,3.4417,3.4455,nan,-1,-1,-1,-1,-1,-1,nan,0.4788,0.4227,1
1829,1403715364.712143183,3.5999,3.6039,nan,-1,-1,-1,-1,-1,-1,nan,0.5781,0.5222,1
1830,1403715364.762143135,14.5988,14.5992,nan,-1,-1,-1,-1,-1,-1,nan,11.5414,11.4840,1
1831,1403715364.812143087,3.6062,3.6041,nan,-1,-1,-1,-1,-1,-1,nan,0.3982,0.3225,1
1832,1403715364.862143040,4.1294,4.0643,nan,-1,-1,-1,-1,-1,-1,nan,0.5157,0.4475,1
1833,1403715364.912143230,3.9772,3.9598,nan,-1,-1,-1,-1,-1,-1,nan,0.6252,0.5491,1
1834,1403715364.962142944,16.1549,16.1016,nan,-1,-1,-1,-1,-1,-1,nan,12.6864,12.6195,1
1835,1403715365.012143135,3.6432,3.6476,nan,-1,-1,-1,-1,-1,-1,nan,0.4117,0.3383,1
1836,1403715365.062143087,3.7096,3.6975,nan,-1,-1,-1,-1,-1,-1,nan,0.5468,0.4787,1
1837,1403715365.112143278,4.0923,4.0457,nan,-1,-1,-1,-1,-1,-1,nan,0.6931,0.6231,1
1838,1403715365.162142992,16.3920,16.3955,nan,-1,-1,-1,-1,-1,-1,nan,13.1320,13.0448,1
1839,1403715365.212143183,3.6969,3.7005,nan,-1,-1,-1,-1,-1,-1,nan,0.4057,0.3359,1
1840,1403715365.262143135,4.2360,4.1661,nan,-1,-1,-1,-1,-1,-1,nan,0.5596,0.4909,1
1841,1403715365.312143087,3.9273,3.9197,nan,-1,-1,-1,-1,-1,-1,nan,0.6502,0.5834,1
1842,1403715365.362143040,15.8724,15.8665,nan,-1,-1,-1,-1,-1,-1,nan,12.6702,12.6055,1
1843,1403715365.412143230,3.7007,3.6967,nan,-1,-1,-1,-1,-1,-1,nan,0.4095,0.3419,1
1844,1403715365.462142944,3.7649,3.7634,nan,-1,-1,-1,-1,-1,-1,nan,0.5494,0.4800,1
1845,1403715365.512143135,3.8065,3.8075,nan,-1,-1,-1,-1,-1,-1,nan,0.6580,0.5885,1
1846,1403715365.562143087,15.2115,15.1740,nan,-1,-1,-1,-1,-1,-1,nan,11.9239,11.8292,1
1847,1403715365.612143278,3.5833,3.5868,nan,-1,-1,-1,-1,-1,-1,nan,0.4030,0.3352,1
1848,1403715365.662142992,3.8100,3.7685,nan,-1,-1,-1,-1,-1,-1,nan,0.5692,0.5022,1
1849,1403715365.712143183,3.7985,3.8019,nan,-1,-1,-1,-1,-1,-1,nan,0.6779,0.6136,1
1850,1403715365.762143135,14.7331,14.7368,nan,-1,-1,-1,-1,-1,-1,nan,11.4642,11.3966,1
1851,1403715365.812143087,3.7675,3.7441,nan,-1,-1,-1,-1,-1,-1,nan,0.4322,0.3636,1
1852,1403715365.862143040,3.7869,3.7900,nan,-1,-1,-1,-1,-1,-1,nan,0.5768,0.5120,1
1853,1403715365.912143230,4.0809,4.0758,nan,-1,-1,-1,-1,-1,-1,nan,0.6695,0.6087,1
1854,1403715365.962142944,15.2272,15.2218,nan,-1,-1,-1,-1,-1,-1,nan,11.7815,11.7111,1
1855,1403715366.012143135,3.8298,3.8305,nan,-1,-1,-1,-1,-1,-1,nan,0.4528,0.3819,1
1856,1403715366.062143087,3.9621,3.9580,nan,-1,-1,-1,-1,-1,-1,nan,0.5978,0.5287,1
1857,1403715366.112143278,4.1296,4.1306,nan,-1,-1,-1,-1,-1,-1,nan,0.7287,0.6583,1
1858,1403715366.162142992,14.9608,14.9648,nan,-1,-1,-1,-1,-1,-1,nan,11.7040,11.6353,1
1859,1403715366.212143183,3.8435,3.8448,nan,-1,-1,-1,-1,-1,-1,nan,0.4519,0.3811,1
1860,1403715366.262143135,3.9118,3.9156,nan,-1,-1,-1,-1,-1,-1,nan,0.5745,0.5063,1
1861,1403715366.312143087,4.1573,4.1560,nan,-1,-1,-1,-1,-1,-1,nan,0.7531,0.6823,1
1862,1403715366.362143040,15.7925,15.7964,nan,-1,-1,-1,-1,-1,-1,nan,12.2738,12.1965,1
1863,1403715366.412143230,4.0045,4.0069,nan,-1,-1,-1,-1,-1,-1,nan,0.4875,0.4051,1
1864,1403715366.462142944,4.1416,4.1453,nan,-1,-1,-1,-1,-1,-1,nan,0.6608,0.5817,1
1865,1403715366.512143135,4.3380,4.3413,nan,-1,-1,-1,-1,-1,-1,nan,0.8200,0.7412,1
1866,1403715366.562143087,16.4905,16.4914,nan,-1,-1,-1,-1,-1,-1,nan,12.8461,12.7618,1
1867,1403715366.612143278,4.0871,4.0912,nan,-1,-1,-1,-1,-1,-1,nan,0.5037,0.4230,1
1868,1403715366.662142992,4.3226,4.3079,nan,-1,-1,-1,-1,-1,-1,nan,0.6578,0.5776,1
1869,1403715366.712143183,4.5730,4.5645,nan,-1,-1,-1,-1,-1,-1,nan,0.8123,0.7335,1
1870,1403715366.762143135,16.2542,16.2582,nan,-1,-1,-1,-1,-1,-1,nan,12.6359,12.5599,1
1871,1403715366.812143087,4.0313,4.0356,nan,-1,-1,-1,-1,-1,-1,nan,0.4873,0.4017,1
1872,1403715366.862143040,4.2866,4.2700,nan,-1,-1,-1,-1,-1,-1,nan,0.6455,0.5627,1
1873,1403715366.912143230,4.4955,4.4954,nan,-1,-1,-1,-1,-1,-1,nan,0.8365,0.7507,1
1874,1403715366.962142944,15.9523,15.9531,nan,-1,-1,-1,-1,-1,-1,nan,12.4339,12.3525,1
1875,1403715367.012143135,4.0277,4.0280,nan,-1,-1,-1,-1,-1,-1,nan,0.4661,0.3858,1
1876,1403715367.062143087,4.1473,4.1352,nan,-1,-1,-1,-1,-1,-1,nan,0.6402,0.5620,1
1877,1403715367.112143278,4.6301,4.5960,nan,-1,-1,-1,-1,-1,-1,nan,0.7654,0.6909,1
1878,1403715367.162142992,15.9341,15.9267,nan,-1,-1,-1,-1,-1,-1,nan,12.3990,12.3224,1
1879,1403715367.212143183,3.9696,3.9734,nan,-1,-1,-1,-1,-1,-1,nan,0.4631,0.3865,1
1880,1403715367.262143135,4.0683,4.0718,nan,-1,-1,-1,-1,-1,-1,nan,0.6344,0.5613,1
1881,1403715367.312143087,4.5299,4.4976,nan,-1,-1,-1,-1,-1,-1,nan,0.8081,0.7294,1
1882,1403715367.362143040,16.5031,16.4371,nan,-1,-1,-1,-1,-1,-1,nan,12.8380,12.7660,1
1883,1403715367.412143230,4.1907,4.1900,nan,-1,-1,-1,-1,-1,-1,nan,0.4718,0.3951,1
1884,1403715367.462142944,4.3776,4.3430,nan,-1,-1,-1,-1,-1,-1,nan,0.6692,0.5944,1
1885,1403715367.512143135,4.4357,4.4336,nan,-1,-1,-1,-1,-1,-1,nan,0.8231,0.7500,1
1886,1403715367.562143087,16.7103,16.7128,nan,-1,-1,-1,-1,-1,-1,nan,13.1905,13.1200,1
1887,1403715367.612143278,3.9695,3.9733,nan,-1,-1,-1,-1,-1,-1,nan,0.4720,0.3986,1
1888,1403715367.662142992,4.2168,4.2177,nan,-1,-1,-1,-1,-1,-1,nan,0.6713,0.5977,1
1889,1403715367.712143183,4.4226,4.4269,nan,-1,-1,-1,-1,-1,-1,nan,0.9526,0.8815,1
1890,1403715367.762143135,23.8240,23.8200,nan,-1,-1,-1,-1,-1,-1,nan,20.1911,20.1087,1
1891,1403715367.812143087,3.8712,3.8689,nan,-1,-1,-1,-1,-1,-1,nan,0.4499,0.3767,1
1892,1403715367.862143040,4.2290,4.2122,nan,-1,-1,-1,-1,-1,-1,nan,0.6660,0.5864,1
1893,1403715367.912143230,4.0823,4.0835,nan,-1,-1,-1,-1,-1,-1,nan,0.7721,0.7030,1
1894,1403715367.962142944,16.9312,16.8524,nan,-1,-1,-1,-1,-1,-1,nan,13.3946,13.3257,1
1895,1403715368.012143135,4.0815,4.0713,nan,-1,-1,-1,-1,-1,-1,nan,0.4928,0.4024,1
1896,1403715368.062143087,3.9604,3.9572,nan,-1,-1,-1,-1,-1,-1,nan,0.5986,0.5332,1
1897,1403715368.112143278,4.0222,4.0230,nan,-1,-1,-1,-1,-1,-1,nan,0.7758,0.7091,1
1898,1403715368.162142992,16.7192,16.7209,nan,-1,-1,-1,-1,-1,-1,nan,13.4109,13.3487,1
1899,1403715368.212143183,3.8144,3.8135,nan,-1,-1,-1,-1,-1,-1,nan,0.4455,0.3783,1
1900,1403715368.262143135,3.9825,3.9743,nan,-1,-1,-1,-1,-1,-1,nan,0.5975,0.5373,1
1901,1403715368.312143087,4.1208,4.1192,nan,-1,-1,-1,-1,-1,-1,nan,0.7874,0.7187,1
1902,1403715368.362143040,16.7743,16.7782,nan,-1,-1,-1,-1,-1,-1,nan,13.5555,13.4909,1
1903,1403715368.412143230,4.0386,4.0265,nan,-1,-1,-1,-1,-1,-1,nan,0.4241,0.3653,1
1904,1403715368.462142944,3.9383,3.9354,nan,-1,-1,-1,-1,-1,-1,nan,0.6118,0.5480,1
1905,1403715368.512143135,4.0700,4.0736,nan,-1,-1,-1,-1,-1,-1,nan,0.7810,0.7172,1
1906,1403715368.562143087,17.1346,17.1296,nan,-1,-1,-1,-1,-1,-1,nan,13.7360,13.6686,1
1907,1403715368.612143278,4.1214,4.0633,nan,-1,-1,-1,-1,-1,-1,nan,0.4457,0.3724,1
1908,1403715368.662142992,4.0747,4.0635,nan,-1,-1,-1,-1,-1,-1,nan,0.6374,0.5786,1
1909,1403715368.712143183,3.9630,3.9674,nan,-1,-1,-1,-1,-1,-1,nan,0.7384,0.6785,1
1910,1403715368.762143135,17.0636,17.0652,nan,-1,-1,-1,-1,-1,-1,nan,13.8473,13.7875,1
1911,1403715368.812143087,3.7608,3.7647,nan,-1,-1,-1,-1,-1,-1,nan,0.4722,0.4008,1
1912,1403715368.862143040,4.1880,4.1501,nan,-1,-1,-1,-1,-1,-1,nan,0.6243,0.5587,1
1913,1403715368.912143230,4.1140,4.1173,nan,-1,-1,-1,-1,-1,-1,nan,0.8170,0.7467,1
1914,1403715368.962142944,16.8898,16.8931,nan,-1,-1,-1,-1,-1,-1,nan,13.6129,13.5472,1
1915,1403715369.012143135,3.9084,3.8930,nan,-1,-1,-1,-1,-1,-1,nan,0.4923,0.4238,1
1916,1403715369.062143087,3.8992,3.9006,nan,-1,-1,-1,-1,-1,-1,nan,0.6381,0.5744,1
1917,1403715369.112143278,4.2633,4.2408,nan,-1,-1,-1,-1,-1,-1,nan,0.9025,0.8430,1
1918,1403715369.162142992,16.7120,16.7158,nan,-1,-1,-1,-1,-1,-1,nan,13.4586,13.3991,1
1919,1403715369.212143183,3.6897,3.6908,nan,-1,-1,-1,-1,-1,-1,nan,0.4421,0.3809,1
1920,1403715369.262143135,3.7365,3.7399,nan,-1,-1,-1,-1,-1,-1,nan,0.5879,0.5327,1
1921,1403715369.312143087,3.8880,3.8913,nan,-1,-1,-1,-1,-1,-1,nan,0.7640,0.7071,1
1922,1403715369.362143040,36.6138,36.6176,nan,-1,-1,-1,-1,-1,-1,nan,33.4237,33.3657,1
1923,1403715369.412143230,3.7087,3.7017,nan,-1,-1,-1,-1,-1,-1,nan,0.4259,0.3615,1
1924,1403715369.462142944,3.8220,3.7732,nan,-1,-1,-1,-1,-1,-1,nan,0.5889,0.5277,1
1925,1403715369.512143135,4.1631,4.1550,nan,-1,-1,-1,-1,-1,-1,nan,0.8732,0.8072,1
1926,1403715369.562143087,16.5140,16.5176,nan,-1,-1,-1,-1,-1,-1,nan,13.3710,13.3078,1
1927,1403715369.612143278,3.6035,3.6044,nan,-1,-1,-1,-1,-1,-1,nan,0.4150,0.3503,1
1928,1403715369.662142992,3.8138,3.8145,nan,-1,-1,-1,-1,-1,-1,nan,0.5863,0.5180,1
1929,1403715369.712143183,4.1387,4.0940,nan,-1,-1,-1,-1,-1,-1,nan,0.6917,0.6308,1
1930,1403715369.762143135,17.4728,17.4525,nan,-1,-1,-1,-1,-1,-1,nan,13.9864,13.8668,1
1931,1403715369.812143087,3.7503,3.7518,nan,-1,-1,-1,-1,-1,-1,nan,0.4494,0.3840,1
1932,1403715369.862143040,3.9293,3.8983,nan,-1,-1,-1,-1,-1,-1,nan,0.5774,0.5123,1
1933,1403715369.912143230,4.2437,4.2164,nan,-1,-1,-1,-1,-1,-1,nan,0.7522,0.6883,1
1934,1403715369.962142944,16.7755,16.7632,nan,-1,-1,-1,-1,-1,-1,nan,13.4173,13.3534,1
1935,1403715370.012143135,3.7979,3.7877,nan,-1,-1,-1,-1,-1,-1,nan,0.4320,0.3579,1
1936,1403715370.062143087,3.9218,3.8713,nan,-1,-1,-1,-1,-1,-1,nan,0.5560,0.4950,1
1937,1403715370.112143278,4.1037,4.0790,nan,-1,-1,-1,-1,-1,-1,nan,0.7189,0.6636,1
1938,1403715370.162142992,17.0870,17.0810,nan,-1,-1,-1,-1,-1,-1,nan,13.8296,13.7690,1
1939,1403715370.212143183,3.7110,3.6990,nan,-1,-1,-1,-1,-1,-1,nan,0.3725,0.3165,1
1940,1403715370.262143135,3.9125,3.8918,nan,-1,-1,-1,-1,-1,-1,nan,0.5191,0.4667,1
1941,1403715370.312143087,3.8979,3.9016,nan,-1,-1,-1,-1,-1,-1,nan,0.6740,0.6229,1
1942,1403715370.362143040,16.4723,16.4757,nan,-1,-1,-1,-1,-1,-1,nan,13.3019,13.2495,1
1943,1403715370.412143230,3.6279,3.6315,nan,-1,-1,-1,-1,-1,-1,nan,0.3848,0.3298,1
1944,1403715370.462142944,3.8141,3.8178,nan,-1,-1,-1,-1,-1,-1,nan,0.5630,0.5067,1
1945,1403715370.512143135,3.9275,3.9311,nan,-1,-1,-1,-1,-1,-1,nan,0.7178,0.6659,1
1946,1403715370.562143087,16.4910,16.4947,nan,-1,-1,-1,-1,-1,-1,nan,13.2343,13.1810,1
1947,1403715370.612143278,3.6289,3.6324,nan,-1,-1,-1,-1,-1,-1,nan,0.4060,0.3516,1
1948,1403715370.662142992,3.9241,3.9192,nan,-1,-1,-1,-1,-1,-1,nan,0.5775,0.5226,1
1949,1403715370.712143183,4.2410,4.1951,nan,-1,-1,-1,-1,-1,-1,nan,0.8835,0.8316,1
1950,1403715370.762143135,19.1061,19.1076,nan,-1,-1,-1,-1,-1,-1,nan,15.8825,15.8285,1
1951,1403715370.812143087,4.0807,4.0369,nan,-1,-1,-1,-1,-1,-1,nan,0.4185,0.3612,1
1952,1403715370.862143040,3.8766,3.8574,nan,-1,-1,-1,-1,-1,-1,nan,0.5587,0.5051,1
1953,1403715370.912143230,4.1037,4.1072,nan,-1,-1,-1,-1,-1,-1,nan,0.8569,0.7995,1
1954,1403715370.962142944,16.6295,16.6059,nan,-1,-1,-1,-1,-1,-1,nan,13.1780,13.1238,1
1955,1403715371.012143135,3.6663,3.6697,nan,-1,-1,-1,-1,-1,-1,nan,0.4040,0.3493,1
1956,1403715371.062143087,3.8773,3.8806,nan,-1,-1,-1,-1,-1,-1,nan,0.5492,0.4903,1
1957,1403715371.112143278,4.0405,4.0443,nan,-1,-1,-1,-1,-1,-1,nan,0.7427,0.6882,1
1958,1403715371.162142992,16.2275,16.2312,nan,-1,-1,-1,-1,-1,-1,nan,12.9622,12.9056,1
1959,1403715371.212143183,3.5672,3.5707,nan,-1,-1,-1,-1,-1,-1,nan,0.3851,0.3313,1
1960,1403715371.262143135,4.1123,4.0525,nan,-1,-1,-1,-1,-1,-1,nan,0.5277,0.4753,1
1961,1403715371.312143087,3.9008,3.9042,nan,-1,-1,-1,-1,-1,-1,nan,0.8136,0.7641,1
1962,1403715371.362143040,16.3046,16.2869,nan,-1,-1,-1,-1,-1,-1,nan,12.8068,12.7337,1
1963,1403715371.412143230,3.9189,3.8911,nan,-1,-1,-1,-1,-1,-1,nan,0.3983,0.3463,1
1964,1403715371.462142944,3.7706,3.7743,nan,-1,-1,-1,-1,-1,-1,nan,0.5599,0.5071,1
1965,1403715371.512143135,4.2859,4.2745,nan,-1,-1,-1,-1,-1,-1,nan,0.8608,0.7923,1
1966,1403715371.562143087,16.0808,16.0843,nan,-1,-1,-1,-1,-1,-1,nan,12.9205,12.8699,1
1967,1403715371.612143278,3.6505,3.6538,nan,-1,-1,-1,-1,-1,-1,nan,0.4106,0.3558,1
1968,1403715371.662142992,3.7470,3.7505,nan,-1,-1,-1,-1,-1,-1,nan,0.5706,0.5205,1
1969,1403715371.712143183,4.1430,4.1323,nan,-1,-1,-1,-1,-1,-1,nan,0.8779,0.8251,1
1970,1403715371.762143135,16.4102,16.4137,nan,-1,-1,-1,-1,-1,-1,nan,13.2097,13.1600,1
1971,1403715371.812143087,3.6427,3.6463,nan,-1,-1,-1,-1,-1,-1,nan,0.4053,0.3532,1
1972,1403715371.862143040,3.8219,3.8254,nan,-1,-1,-1,-1,-1,-1,nan,0.5642,0.5140,1
1973,1403715371.912143230,4.0022,4.0057,nan,-1,-1,-1,-1,-1,-1,nan,0.7345,0.6825,1
1974,1403715371.962142944,17.3057,17.3093,nan,-1,-1,-1,-1,-1,-1,nan,13.9381,13.8779,1
1975,1403715372.012143135,3.7040,3.7076,nan,-1,-1,-1,-1,-1,-1,nan,0.4079,0.3531,1
1976,1403715372.062143087,3.9730,3.9768,nan,-1,-1,-1,-1,-1,-1,nan,0.5748,0.5223,1
1977,1403715372.112143278,4.2179,4.2213,nan,-1,-1,-1,-1,-1,-1,nan,0.8415,0.7935,1
1978,1403715372.162142992,16.8875,16.8908,nan,-1,-1,-1,-1,-1,-1,nan,13.5895,13.5397,1
1979,1403715372.212143183,3.8116,3.8118,nan,-1,-1,-1,-1,-1,-1,nan,0.4340,0.3733,1
1980,1403715372.262143135,4.0503,4.0393,nan,-1,-1,-1,-1,-1,-1,nan,0.5935,0.5342,1
1981,1403715372.312143087,4.6491,4.5806,nan,-1,-1,-1,-1,-1,-1,nan,0.8986,0.8355,1
1982,1403715372.362143040,18.1916,18.1937,nan,-1,-1,-1,-1,-1,-1,nan,14.6755,14.6092,1
1983,1403715372.412143230,3.8025,3.7996,nan,-1,-1,-1,-1,-1,-1,nan,0.4307,0.3654,1
1984,1403715372.462142944,3.9207,3.9121,nan,-1,-1,-1,-1,-1,-1,nan,0.5860,0.5248,1
1985,1403715372.512143135,4.2522,4.2513,nan,-1,-1,-1,-1,-1,-1,nan,0.8537,0.7905,1
1986,1403715372.562143087,16.7984,16.7914,nan,-1,-1,-1,-1,-1,-1,nan,13.4105,13.3506,1
1987,1403715372.612143278,3.8180,3.8157,nan,-1,-1,-1,-1,-1,-1,nan,0.4176,0.3561,1
1988,1403715372.662142992,4.1534,4.1107,nan,-1,-1,-1,-1,-1,-1,nan,0.5902,0.5269,1
1989,1403715372.712143183,4.3189,4.3029,nan,-1,-1,-1,-1,-1,-1,nan,0.7458,0.6841,1
1990,1403715372.762143135,16.8980,16.8462,nan,-1,-1,-1,-1,-1,-1,nan,13.2317,13.1639,1
1991,1403715372.812143087,3.8211,3.8248,nan,-1,-1,-1,-1,-1,-1,nan,0.4387,0.3787,1
1992,1403715372.862143040,3.8351,3.8388,nan,-1,-1,-1,-1,-1,-1,nan,0.5450,0.4911,1
1993,1403715372.912143230,3.9595,3.9629,nan,-1,-1,-1,-1,-1,-1,nan,0.6615,0.6114,1
1994,1403715372.962142944,16.1620,16.1655,nan,-1,-1,-1,-1,-1,-1,nan,12.8826,12.8335,1
1995,1403715373.012143135,3.7388,3.7428,nan,-1,-1,-1,-1,-1,-1,nan,0.4238,0.3634,1
1996,1403715373.062143087,3.9558,3.9596,nan,-1,-1,-1,-1,-1,-1,nan,0.5644,0.5066,1
1997,1403715373.112143278,4.1052,4.1090,nan,-1,-1,-1,-1,-1,-1,nan,0.7185,0.6657,1
1998,1403715373.162142992,16.5886,16.5347,nan,-1,-1,-1,-1,-1,-1,nan,12.8857,12.8312,1
1999,1403715373.212143183,3.7136,3.7113,nan,-1,-1,-1,-1,-1,-1,nan,0.3770,0.3278,1
2000,1403715373.262143135,3.8293,3.8304,nan,-1,-1,-1,-1,-1,-1,nan,0.5324,0.4795,1
2001,1403715373.312143087,3.9140,3.9179,nan,-1,-1,-1,-1,-1,-1,nan,0.6727,0.6259,1
2002,1403715373.362143040,16.1856,16.1712,nan,-1,-1,-1,-1,-1,-1,nan,12.8431,12.7936,1
2003,1403715373.412143230,3.7205,3.7189,nan,-1,-1,-1,-1,-1,-1,nan,0.3942,0.3430,1
2004,1403715373.462142944,3.8368,3.8380,nan,-1,-1,-1,-1,-1,-1,nan,0.5490,0.5012,1
2005,1403715373.512143135,3.9241,3.9258,nan,-1,-1,-1,-1,-1,-1,nan,0.6482,0.6020,1
2006,1403715373.562143087,15.7913,15.7890,nan,-1,-1,-1,-1,-1,-1,nan,12.4837,12.4342,1
2007,1403715373.612143278,3.6934,3.6938,nan,-1,-1,-1,-1,-1,-1,nan,0.3990,0.3476,1
2008,1403715373.662142992,4.2617,4.2522,nan,-1,-1,-1,-1,-1,-1,nan,0.6131,0.5478,1
2009,1403715373.712143183,4.1457,4.1407,nan,-1,-1,-1,-1,-1,-1,nan,0.7144,0.6605,1
2010,1403715373.762143135,15.8556,15.8591,nan,-1,-1,-1,-1,-1,-1,nan,12.5493,12.5001,1
2011,1403715373.812143087,3.6981,3.7019,nan,-1,-1,-1,-1,-1,-1,nan,0.3794,0.3303,1
2012,1403715373.862143040,3.6728,3.6790,nan,-1,-1,-1,-1,-1,-1,nan,0.5042,0.4574,1
2013,1403715373.912143230,3.7520,3.7552,nan,-1,-1,-1,-1,-1,-1,nan,0.6350,0.5910,1
2014,1403715373.962142944,15.4053,15.4087,nan,-1,-1,-1,-1,-1,-1,nan,12.3051,12.2618,1
2015,1403715374.012143135,3.6186,3.6226,nan,-1,-1,-1,-1,-1,-1,nan,0.3518,0.3006,1
2016,1403715374.062143087,3.5412,3.5450,nan,-1,-1,-1,-1,-1,-1,nan,0.4512,0.4035,1
2017,1403715374.112143278,3.7347,3.7137,nan,-1,-1,-1,-1,-1,-1,nan,0.5784,0.5365,1
2018,1403715374.162142992,15.4059,15.3824,nan,-1,-1,-1,-1,-1,-1,nan,12.0039,11.9496,1
2019,1403715374.212143183,3.3521,3.3557,nan,-1,-1,-1,-1,-1,-1,nan,0.3282,0.2829,1
2020,1403715374.262143135,3.4946,3.4864,nan,-1,-1,-1,-1,-1,-1,nan,0.4418,0.4017,1
2021,1403715374.312143087,3.6114,3.6041,nan,-1,-1,-1,-1,-1,-1,nan,0.5673,0.5182,1
2022,1403715374.362143040,15.3434,15.3294,nan,-1,-1,-1,-1,-1,-1,nan,12.1810,12.1376,1
2023,1403715374.412143230,3.2858,3.2893,nan,-1,-1,-1,-1,-1,-1,nan,0.3210,0.2782,1
2024,1403715374.462142944,3.4232,3.4137,nan,-1,-1,-1,-1,-1,-1,nan,0.4289,0.3861,1
2025,1403715374.512143135,3.4793,3.4829,nan,-1,-1,-1,-1,-1,-1,nan,0.5565,0.5151,1
2026,1403715374.562143087,14.8887,14.8877,nan,-1,-1,-1,-1,-1,-1,nan,11.9287,11.8865,1
2027,1403715374.612143278,3.3472,3.3517,nan,-1,-1,-1,-1,-1,-1,nan,0.3290,0.2851,1
2028,1403715374.662142992,3.4193,3.4259,nan,-1,-1,-1,-1,-1,-1,nan,0.4610,0.4172,1
2029,1403715374.712143183,3.5809,3.5766,nan,-1,-1,-1,-1,-1,-1,nan,0.5850,0.5402,1
2030,1403715374.762143135,15.1569,15.1565,nan,-1,-1,-1,-1,-1,-1,nan,12.1760,12.1274,1
2031,1403715374.812143087,3.3893,3.3904,nan,-1,-1,-1,-1,-1,-1,nan,0.3354,0.2874,1
2032,1403715374.862143040,3.3941,3.3976,nan,-1,-1,-1,-1,-1,-1,nan,0.4445,0.4000,1
2033,1403715374.912143230,3.6967,3.6540,nan,-1,-1,-1,-1,-1,-1,nan,0.6345,0.5767,1
2034,1403715374.962142944,15.2131,15.1911,nan,-1,-1,-1,-1,-1,-1,nan,12.0838,12.0362,1
2035,1403715375.012143135,3.1885,3.1920,nan,-1,-1,-1,-1,-1,-1,nan,0.2941,0.2487,1
2036,1403715375.062143087,3.4012,3.3636,nan,-1,-1,-1,-1,-1,-1,nan,0.4102,0.3687,1
2037,1403715375.112143278,3.4320,3.4390,nan,-1,-1,-1,-1,-1,-1,nan,0.5801,0.5315,1
2038,1403715375.162142992,14.8550,14.8588,nan,-1,-1,-1,-1,-1,-1,nan,11.9890,11.9449,1
2039,1403715375.212143183,3.5411,3.5199,nan,-1,-1,-1,-1,-1,-1,nan,0.2962,0.2499,1
2040,1403715375.262143135,3.2757,3.2792,nan,-1,-1,-1,-1,-1,-1,nan,0.4040,0.3576,1
2041,1403715375.312143087,3.4082,3.4072,nan,-1,-1,-1,-1,-1,-1,nan,0.5241,0.4784,1
2042,1403715375.362143040,14.6480,14.6477,nan,-1,-1,-1,-1,-1,-1,nan,11.7832,11.7416,1
2043,1403715375.412143230,3.1110,3.1145,nan,-1,-1,-1,-1,-1,-1,nan,0.2759,0.2305,1
2044,1403715375.462142944,3.3283,3.3063,nan,-1,-1,-1,-1,-1,-1,nan,0.3676,0.3263,1
2045,1403715375.512143135,3.3085,3.3082,nan,-1,-1,-1,-1,-1,-1,nan,0.4908,0.4495,1
2046,1403715375.562143087,14.4690,14.4674,nan,-1,-1,-1,-1,-1,-1,nan,11.6758,11.6363,1
2047,1403715375.612143278,3.0162,3.0227,nan,-1,-1,-1,-1,-1,-1,nan,0.2775,0.2359,1
2048,1403715375.662142992,3.1626,3.1660,nan,-1,-1,-1,-1,-1,-1,nan,0.3771,0.3388,1
2049,1403715375.712143183,3.3339,3.3403,nan,-1,-1,-1,-1,-1,-1,nan,0.4942,0.4550,1
2050,1403715375.762143135,14.1935,14.1953,nan,-1,-1,-1,-1,-1,-1,nan,11.4090,11.3674,1
2051,1403715375.812143087,3.2084,3.2023,nan,-1,-1,-1,-1,-1,-1,nan,0.2581,0.2180,1
2052,1403715375.862143040,3.1480,3.1516,nan,-1,-1,-1,-1,-1,-1,nan,0.3597,0.3177,1
2053,1403715375.912143230,3.2150,3.2141,nan,-1,-1,-1,-1,-1,-1,nan,0.4616,0.4143,1
2054,1403715375.962142944,14.0605,14.0640,nan,-1,-1,-1,-1,-1,-1,nan,11.2686,11.2295,1
2055,1403715376.012143135,3.1361,3.0886,nan,-1,-1,-1,-1,-1,-1,nan,0.2556,0.2188,1
2056,1403715376.062143087,3.2017,3.2036,nan,-1,-1,-1,-1,-1,-1,nan,0.3619,0.3253,1
2057,1403715376.112143278,3.2117,3.2183,nan,-1,-1,-1,-1,-1,-1,nan,0.4771,0.4408,1
2058,1403715376.162142992,13.8798,13.8831,nan,-1,-1,-1,-1,-1,-1,nan,11.1330,11.0957,1
2059,1403715376.212143183,3.0693,3.0659,nan,-1,-1,-1,-1,-1,-1,nan,0.2547,0.2158,1
2060,1403715376.262143135,13.9528,13.8975,nan,-1,-1,-1,-1,-1,-1,nan,10.9021,10.8691,1
2061,1403715376.312143087,13.4961,13.4994,nan,-1,-1,-1,-1,-1,-1,nan,10.8344,10.8025,1
2062,1403715376.362143040,2.8583,2.8617,nan,-1,-1,-1,-1,-1,-1,nan,0.2260,0.1968,1
2063,1403715376.412143230,13.3445,13.3418,nan,-1,-1,-1,-1,-1,-1,nan,10.5935,10.5626,1
2064,1403715376.462142944,3.1264,3.1147,nan,-1,-1,-1,-1,-1,-1,nan,0.2120,0.1831,1
2065,1403715376.512143135,2.9426,2.9462,nan,-1,-1,-1,-1,-1,-1,nan,0.3125,0.2797,1
2066,1403715376.562143087,3.0425,3.0460,nan,-1,-1,-1,-1,-1,-1,nan,0.4105,0.3803,1
2067,1403715376.612143278,13.4005,13.3958,nan,-1,-1,-1,-1,-1,-1,nan,10.4815,10.4496,1
2068,1403715376.662142992,2.9644,2.9580,nan,-1,-1,-1,-1,-1,-1,nan,0.2361,0.2066,1
2069,1403715376.712143183,3.1148,3.1078,nan,-1,-1,-1,-1,-1,-1,nan,0.3654,0.3350,1
2070,1403715376.762143135,3.0551,3.0621,nan,-1,-1,-1,-1,-1,-1,nan,0.4257,0.3959,1
2071,1403715376.812143087,13.3148,13.3011,nan,-1,-1,-1,-1,-1,-1,nan,10.3773,10.3465,1
2072,1403715376.862143040,3.0389,3.0288,nan,-1,-1,-1,-1,-1,-1,nan,0.2467,0.2168,1
2073,1403715376.912143230,3.1388,3.1327,nan,-1,-1,-1,-1,-1,-1,nan,0.3583,0.3278,1
2074,1403715376.962142944,3.0754,3.0790,nan,-1,-1,-1,-1,-1,-1,nan,0.4414,0.4120,1
2075,1403715377.012143135,13.0380,13.0401,nan,-1,-1,-1,-1,-1,-1,nan,10.3446,10.3241,1
2076,1403715377.062143087,13.0747,13.0788,nan,-1,-1,-1,-1,-1,-1,nan,10.4315,10.3999,1
2077,1403715377.112143278,3.0595,3.0550,nan,-1,-1,-1,-1,-1,-1,nan,0.2706,0.2386,1
2078,1403715377.162142992,13.0714,13.0648,nan,-1,-1,-1,-1,-1,-1,nan,10.1522,10.1299,1
2079,1403715377.212143183,12.7070,12.7105,nan,-1,-1,-1,-1,-1,-1,nan,10.1183,10.0921,1
2080,1403715377.262143135,2.8646,2.8682,nan,-1,-1,-1,-1,-1,-1,nan,0.2347,0.2083,1
2081,1403715377.312143087,12.5816,12.5853,nan,-1,-1,-1,-1,-1,-1,nan,9.9731,9.9512,1
2082,1403715377.362143040,2.8057,2.8094,nan,-1,-1,-1,-1,-1,-1,nan,0.2184,0.1932,1
2083,1403715377.412143230,3.0802,3.0676,nan,-1,-1,-1,-1,-1,-1,nan,0.3471,0.3171,1
2084,1403715377.462142944,12.8066,12.8025,nan,-1,-1,-1,-1,-1,-1,nan,10.0459,10.0172,1
2085,1403715377.512143135,2.9260,2.9269,nan,-1,-1,-1,-1,-1,-1,nan,0.2377,0.2066,1
2086,1403715377.562143087,3.0702,3.0741,nan,-1,-1,-1,-1,-1,-1,nan,0.3452,0.3145,1
2087,1403715377.612143278,3.2432,3.2380,nan,-1,-1,-1,-1,-1,-1,nan,0.4532,0.4186,1
2088,1403715377.662142992,12.8976,12.9012,nan,-1,-1,-1,-1,-1,-1,nan,10.1730,10.1395,1
2089,1403715377.712143183,3.1085,3.1053,nan,-1,-1,-1,-1,-1,-1,nan,0.2941,0.2591,1
2090,1403715377.762143135,3.1611,3.1623,nan,-1,-1,-1,-1,-1,-1,nan,0.3542,0.3252,1
2091,1403715377.812143087,3.0979,3.0957,nan,-1,-1,-1,-1,-1,-1,nan,0.4372,0.4077,1
2092,1403715377.862143040,13.3662,13.3704,nan,-1,-1,-1,-1,-1,-1,nan,10.6019,10.5634,1
2093,1403715377.912143230,3.1019,3.1027,nan,-1,-1,-1,-1,-1,-1,nan,0.2536,0.2170,1
2094,1403715377.962142944,3.2232,3.2029,nan,-1,-1,-1,-1,-1,-1,nan,0.3867,0.3487,1
2095,1403715378.012143135,3.2404,3.2440,nan,-1,-1,-1,-1,-1,-1,nan,0.4616,0.4222,1
2096,1403715378.062143087,13.8890,13.8877,nan,-1,-1,-1,-1,-1,-1,nan,10.4741,10.4382,1
2097,1403715378.112143278,3.1839,3.1876,nan,-1,-1,-1,-1,-1,-1,nan,0.2602,0.2085,1
2098,1403715378.162142992,3.2925,3.2960,nan,-1,-1,-1,-1,-1,-1,nan,0.3498,0.3004,1
2099,1403715378.212143183,3.4459,3.4454,nan,-1,-1,-1,-1,-1,-1,nan,0.4719,0.4221,1
2100,1403715378.262143135,13.5263,13.5305,nan,-1,-1,-1,-1,-1,-1,nan,10.5935,10.5465,1
2101,1403715378.312143087,3.2982,3.3020,nan,-1,-1,-1,-1,-1,-1,nan,0.4062,0.3542,1
2102,1403715378.362143040,3.4696,3.4635,nan,-1,-1,-1,-1,-1,-1,nan,0.5078,0.4603,1
2103,1403715378.412143230,3.6290,3.6329,nan,-1,-1,-1,-1,-1,-1,nan,0.6703,0.6233,1
2104,1403715378.462142944,13.8260,13.8218,nan,-1,-1,-1,-1,-1,-1,nan,10.7720,10.7239,1
2105,1403715378.512143135,3.4696,3.4677,nan,-1,-1,-1,-1,-1,-1,nan,0.4102,0.3553,1
2106,1403715378.562143087,3.5465,3.5475,nan,-1,-1,-1,-1,-1,-1,nan,0.4897,0.4403,1
2107,1403715378.612143278,3.5165,3.5201,nan,-1,-1,-1,-1,-1,-1,nan,0.6086,0.5609,1
2108,1403715378.662142992,13.3652,13.3690,nan,-1,-1,-1,-1,-1,-1,nan,10.4488,10.3972,1
2109,1403715378.712143183,3.5006,3.5020,nan,-1,-1,-1,-1,-1,-1,nan,0.4285,0.3711,1
2110,1403715378.762143135,3.5512,3.5549,nan,-1,-1,-1,-1,-1,-1,nan,0.5679,0.5118,1
2111,1403715378.812143087,3.7440,3.7439,nan,-1,-1,-1,-1,-1,-1,nan,0.6686,0.6170,1
2112,1403715378.862143040,13.6517,13.6556,nan,-1,-1,-1,-1,-1,-1,nan,10.5899,10.5382,1
2113,1403715378.912143230,3.5954,3.6014,nan,-1,-1,-1,-1,-1,-1,nan,0.4614,0.4040,1
2114,1403715378.962142944,3.7008,3.7042,nan,-1,-1,-1,-1,-1,-1,nan,0.6114,0.5555,1
2115,1403715379.012143135,3.9304,3.9283,nan,-1,-1,-1,-1,-1,-1,nan,0.7225,0.6638,1
2116,1403715379.062143087,14.1240,14.1212,nan,-1,-1,-1,-1,-1,-1,nan,10.8950,10.8370,1
2117,1403715379.112143278,3.6836,3.6873,nan,-1,-1,-1,-1,-1,-1,nan,0.4919,0.4317,1
2118,1403715379.162142992,3.8361,3.8360,nan,-1,-1,-1,-1,-1,-1,nan,0.6371,0.5824,1
2119,1403715379.212143183,4.1945,4.1921,nan,-1,-1,-1,-1,-1,-1,nan,0.9406,0.8801,1
2120,1403715379.262143135,14.4895,14.4784,nan,-1,-1,-1,-1,-1,-1,nan,11.1556,11.0964,1
2121,1403715379.312143087,3.7500,3.7509,nan,-1,-1,-1,-1,-1,-1,nan,0.4616,0.4027,1
2122,1403715379.362143040,4.0401,4.0352,nan,-1,-1,-1,-1,-1,-1,nan,0.6096,0.5481,1
2123,1403715379.412143230,3.8897,3.8935,nan,-1,-1,-1,-1,-1,-1,nan,0.7599,0.7007,1
2124,1403715379.462142944,14.3287,14.3300,nan,-1,-1,-1,-1,-1,-1,nan,11.1770,11.1183,1
2125,1403715379.512143135,3.6565,3.6583,nan,-1,-1,-1,-1,-1,-1,nan,0.4356,0.3746,1
2126,1403715379.562143087,3.7850,3.7813,nan,-1,-1,-1,-1,-1,-1,nan,0.5813,0.5214,1
2127,1403715379.612143278,3.8814,3.8840,nan,-1,-1,-1,-1,-1,-1,nan,0.7372,0.6756,1
2128,1403715379.662142992,14.6257,14.6178,nan,-1,-1,-1,-1,-1,-1,nan,11.4172,11.3558,1
2129,1403715379.712143183,3.5752,3.5788,nan,-1,-1,-1,-1,-1,-1,nan,0.4067,0.3444,1
2130,1403715379.762143135,3.7094,3.7131,nan,-1,-1,-1,-1,-1,-1,nan,0.5698,0.5101,1
2131,1403715379.812143087,3.9197,3.9239,nan,-1,-1,-1,-1,-1,-1,nan,0.7320,0.6703,1
2132,1403715379.862143040,21.1518,21.1506,nan,-1,-1,-1,-1,-1,-1,nan,17.8787,17.8075,1
2133,1403715379.912143230,3.6142,3.6177,nan,-1,-1,-1,-1,-1,-1,nan,0.4250,0.3591,1
2134,1403715379.962142944,3.7596,3.7606,nan,-1,-1,-1,-1,-1,-1,nan,0.5740,0.5089,1
2135,1403715380.012143135,4.0148,4.0110,nan,-1,-1,-1,-1,-1,-1,nan,0.7216,0.6594,1
2136,1403715380.062143087,41.3769,41.3726,nan,-1,-1,-1,-1,-1,-1,nan,38.1955,38.1352,1
2137,1403715380.112143278,3.6030,3.6049,nan,-1,-1,-1,-1,-1,-1,nan,0.4393,0.3766,1
2138,1403715380.162142992,4.0369,4.0177,nan,-1,-1,-1,-1,-1,-1,nan,0.5848,0.5254,1
2139,1403715380.212143183,3.8497,3.8537,nan,-1,-1,-1,-1,-1,-1,nan,0.7941,0.7348,1
2140,1403715380.262143135,15.9842,15.9909,nan,-1,-1,-1,-1,-1,-1,nan,12.9195,12.8627,1
2141,1403715380.312143087,3.5003,3.5039,nan,-1,-1,-1,-1,-1,-1,nan,0.4125,0.3553,1
2142,1403715380.362143040,3.5225,3.5261,nan,-1,-1,-1,-1,-1,-1,nan,0.5524,0.4964,1
2143,1403715380.412143230,3.6773,3.6836,nan,-1,-1,-1,-1,-1,-1,nan,0.7011,0.6468,1
2144,1403715380.462142944,16.0317,16.0350,nan,-1,-1,-1,-1,-1,-1,nan,13.0016,12.9481,1
2145,1403715380.512143135,3.6863,3.6598,nan,-1,-1,-1,-1,-1,-1,nan,0.4064,0.3502,1
2146,1403715380.562143087,3.6089,3.6125,nan,-1,-1,-1,-1,-1,-1,nan,0.5559,0.4998,1
2147,1403715380.612143278,3.8111,3.8147,nan,-1,-1,-1,-1,-1,-1,nan,0.6682,0.6070,1
2148,1403715380.662142992,16.2595,16.2527,nan,-1,-1,-1,-1,-1,-1,nan,13.0901,13.0309,1
2149,1403715380.712143183,3.5254,3.5290,nan,-1,-1,-1,-1,-1,-1,nan,0.4385,0.3753,1
2150,1403715380.762143135,3.8392,3.8319,nan,-1,-1,-1,-1,-1,-1,nan,0.5909,0.5269,1
2151,1403715380.812143087,3.7851,3.7836,nan,-1,-1,-1,-1,-1,-1,nan,0.7083,0.6505,1
2152,1403715380.862143040,16.4196,16.4065,nan,-1,-1,-1,-1,-1,-1,nan,13.2350,13.1732,1
2153,1403715380.912143230,3.4569,3.4584,nan,-1,-1,-1,-1,-1,-1,nan,0.3946,0.3415,1
2154,1403715380.962142944,3.5004,3.5038,nan,-1,-1,-1,-1,-1,-1,nan,0.5587,0.5000,1
2155,1403715381.012143135,3.7141,3.7173,nan,-1,-1,-1,-1,-1,-1,nan,0.8380,0.7804,1
2156,1403715381.062143087,15.9291,15.9323,nan,-1,-1,-1,-1,-1,-1,nan,13.0163,12.9598,1
2157,1403715381.112143278,3.5535,3.5265,nan,-1,-1,-1,-1,-1,-1,nan,0.4099,0.3491,1
2158,1403715381.162142992,3.5140,3.5173,nan,-1,-1,-1,-1,-1,-1,nan,0.5330,0.4810,1
2159,1403715381.212143183,3.8975,3.8873,nan,-1,-1,-1,-1,-1,-1,nan,0.7158,0.6494,1
2160,1403715381.262143135,16.3080,16.3113,nan,-1,-1,-1,-1,-1,-1,nan,13.3001,13.2481,1
2161,1403715381.312143087,3.4892,3.4927,nan,-1,-1,-1,-1,-1,-1,nan,0.3846,0.3239,1
2162,1403715381.362143040,3.5872,3.5906,nan,-1,-1,-1,-1,-1,-1,nan,0.5225,0.4622,1
2163,1403715381.412143230,3.6796,3.6828,nan,-1,-1,-1,-1,-1,-1,nan,0.6595,0.6022,1
2164,1403715381.462142944,16.0887,16.0923,nan,-1,-1,-1,-1,-1,-1,nan,12.9782,12.9140,1
2165,1403715381.512143135,3.5207,3.5242,nan,-1,-1,-1,-1,-1,-1,nan,0.4188,0.3558,1
2166,1403715381.562143087,3.5975,3.6016,nan,-1,-1,-1,-1,-1,-1,nan,0.5396,0.4844,1
2167,1403715381.612143278,4.1548,4.1275,nan,-1,-1,-1,-1,-1,-1,nan,0.8786,0.8010,1
2168,1403715381.662142992,15.8113,15.8191,nan,-1,-1,-1,-1,-1,-1,nan,12.7519,12.6932,1
2169,1403715381.712143183,3.6348,3.6366,nan,-1,-1,-1,-1,-1,-1,nan,0.4903,0.4106,1
2170,1403715381.762143135,3.7596,3.7541,nan,-1,-1,-1,-1,-1,-1,nan,0.5806,0.5135,1
2171,1403715381.812143087,3.9060,3.9056,nan,-1,-1,-1,-1,-1,-1,nan,0.7578,0.6830,1
2172,1403715381.862143040,16.7881,16.7858,nan,-1,-1,-1,-1,-1,-1,nan,13.6473,13.5719,1
2173,1403715381.912143230,3.7948,3.7930,nan,-1,-1,-1,-1,-1,-1,nan,0.4674,0.3910,1
2174,1403715381.962142944,3.9219,3.9149,nan,-1,-1,-1,-1,-1,-1,nan,0.6038,0.5280,1
2175,1403715382.012143135,4.3417,4.2815,nan,-1,-1,-1,-1,-1,-1,nan,0.8122,0.7380,1
2176,1403715382.062143087,17.2224,17.1881,nan,-1,-1,-1,-1,-1,-1,nan,13.9098,13.8342,1
2177,1403715382.112143278,3.7900,3.7363,nan,-1,-1,-1,-1,-1,-1,nan,0.4527,0.3780,1
2178,1403715382.162142992,3.9225,3.8789,nan,-1,-1,-1,-1,-1,-1,nan,0.6612,0.5846,1
2179,1403715382.212143183,4.0649,4.0692,nan,-1,-1,-1,-1,-1,-1,nan,0.8010,0.7283,1
2180,1403715382.262143135,16.9883,16.9919,nan,-1,-1,-1,-1,-1,-1,nan,13.6670,13.5928,1
2181,1403715382.312143087,3.6417,3.6454,nan,-1,-1,-1,-1,-1,-1,nan,0.4694,0.3918,1
2182,1403715382.362143040,3.7745,3.7782,nan,-1,-1,-1,-1,-1,-1,nan,0.6035,0.5330,1
2183,1403715382.412143230,4.0487,4.0527,nan,-1,-1,-1,-1,-1,-1,nan,0.9088,0.8363,1
2184,1403715382.462142944,17.4046,17.4086,nan,-1,-1,-1,-1,-1,-1,nan,14.1956,14.1238,1
2185,1403715382.512143135,3.7128,3.7164,nan,-1,-1,-1,-1,-1,-1,nan,0.5116,0.4334,1
2186,1403715382.562143087,3.8035,3.8104,nan,-1,-1,-1,-1,-1,-1,nan,0.6221,0.5454,1
2187,1403715382.612143278,4.1867,4.1124,nan,-1,-1,-1,-1,-1,-1,nan,0.8851,0.7931,1
2188,1403715382.662142992,16.4920,16.4835,nan,-1,-1,-1,-1,-1,-1,nan,13.1743,13.1000,1
2189,1403715382.712143183,3.6760,3.6776,nan,-1,-1,-1,-1,-1,-1,nan,0.4803,0.4082,1
2190,1403715382.762143135,3.7862,3.7902,nan,-1,-1,-1,-1,-1,-1,nan,0.6412,0.5757,1
2191,1403715382.812143087,4.0055,4.0016,nan,-1,-1,-1,-1,-1,-1,nan,0.8022,0.7394,1
2192,1403715382.862143040,45.2425,45.2464,nan,-1,-1,-1,-1,-1,-1,nan,42.0755,42.0100,1
2193,1403715382.912143230,3.7085,3.7093,nan,-1,-1,-1,-1,-1,-1,nan,0.5019,0.4312,1
2194,1403715382.962142944,3.9496,3.9370,nan,-1,-1,-1,-1,-1,-1,nan,0.6570,0.5892,1
2195,1403715383.012143135,4.1440,4.1369,nan,-1,-1,-1,-1,-1,-1,nan,0.8480,0.7795,1
2196,1403715383.062143087,16.7495,16.7532,nan,-1,-1,-1,-1,-1,-1,nan,13.6041,13.5390,1
2197,1403715383.112143278,3.6565,3.6608,nan,-1,-1,-1,-1,-1,-1,nan,0.4606,0.3922,1
2198,1403715383.162142992,3.9492,3.9513,nan,-1,-1,-1,-1,-1,-1,nan,0.6552,0.5831,1
2199,1403715383.212143183,4.2236,4.2045,nan,-1,-1,-1,-1,-1,-1,nan,0.8123,0.7429,1
2200,1403715383.262143135,17.1408,17.0922,nan,-1,-1,-1,-1,-1,-1,nan,13.5444,13.4801,1
2201,1403715383.312143087,3.6876,3.6910,nan,-1,-1,-1,-1,-1,-1,nan,0.4453,0.3742,1
2202,1403715383.362143040,3.9313,3.9250,nan,-1,-1,-1,-1,-1,-1,nan,0.6438,0.5736,1
2203,1403715383.412143230,4.0337,4.0372,nan,-1,-1,-1,-1,-1,-1,nan,0.8262,0.7527,1
2204,1403715383.462142944,16.9330,16.9316,nan,-1,-1,-1,-1,-1,-1,nan,13.7420,13.6703,1
2205,1403715383.512143135,3.6632,3.6667,nan,-1,-1,-1,-1,-1,-1,nan,0.4452,0.3689,1
2206,1403715383.562143087,3.9101,3.9140,nan,-1,-1,-1,-1,-1,-1,nan,0.6459,0.5695,1
2207,1403715383.612143278,4.2407,4.2239,nan,-1,-1,-1,-1,-1,-1,nan,0.7500,0.6875,1
2208,1403715383.662142992,17.1440,17.1265,nan,-1,-1,-1,-1,-1,-1,nan,13.9198,13.8531,1
2209,1403715383.712143183,3.5531,3.5571,nan,-1,-1,-1,-1,-1,-1,nan,0.3848,0.3209,1
2210,1403715383.762143135,3.6925,3.6823,nan,-1,-1,-1,-1,-1,-1,nan,0.5283,0.4670,1
2211,1403715383.812143087,3.8398,3.8376,nan,-1,-1,-1,-1,-1,-1,nan,0.6719,0.6062,1
2212,1403715383.862143040,16.8547,16.8525,nan,-1,-1,-1,-1,-1,-1,nan,13.6132,13.5460,1
2213,1403715383.912143230,3.5063,3.5101,nan,-1,-1,-1,-1,-1,-1,nan,0.3962,0.3327,1
2214,1403715383.962142944,3.9602,3.9608,nan,-1,-1,-1,-1,-1,-1,nan,0.5364,0.4717,1
2215,1403715384.012143135,3.8393,3.8395,nan,-1,-1,-1,-1,-1,-1,nan,0.6738,0.6084,1
2216,1403715384.062143087,17.1346,17.1255,nan,-1,-1,-1,-1,-1,-1,nan,13.6515,13.5870,1
2217,1403715384.112143278,3.5569,3.5589,nan,-1,-1,-1,-1,-1,-1,nan,0.4172,0.3494,1
2218,1403715384.162142992,3.6860,3.6900,nan,-1,-1,-1,-1,-1,-1,nan,0.5581,0.4923,1
2219,1403715384.212143183,3.8854,3.8891,nan,-1,-1,-1,-1,-1,-1,nan,0.7474,0.6770,1
2220,1403715384.262143135,16.5444,16.5331,nan,-1,-1,-1,-1,-1,-1,nan,13.2580,13.1925,1
2221,1403715384.312143087,3.8822,3.8638,nan,-1,-1,-1,-1,-1,-1,nan,0.4375,0.3739,1
2222,1403715384.362143040,3.7748,3.7715,nan,-1,-1,-1,-1,-1,-1,nan,0.5845,0.5170,1
2223,1403715384.412143230,4.0273,4.0222,nan,-1,-1,-1,-1,-1,-1,nan,0.7459,0.6827,1
2224,1403715384.462142944,30.5630,30.4558,nan,-1,-1,-1,-1,-1,-1,nan,27.0027,26.9349,1
2225,1403715384.512143135,3.7191,3.7167,nan,-1,-1,-1,-1,-1,-1,nan,0.4762,0.4094,1
2226,1403715384.562143087,4.0203,4.0112,nan,-1,-1,-1,-1,-1,-1,nan,0.6610,0.5879,1
2227,1403715384.612143278,4.1153,4.1083,nan,-1,-1,-1,-1,-1,-1,nan,0.8036,0.7343,1
2228,1403715384.662142992,16.7928,16.7793,nan,-1,-1,-1,-1,-1,-1,nan,13.4400,13.3695,1
2229,1403715384.712143183,3.9042,3.8989,nan,-1,-1,-1,-1,-1,-1,nan,0.4870,0.4198,1
2230,1403715384.762143135,3.9674,3.9558,nan,-1,-1,-1,-1,-1,-1,nan,0.6338,0.5651,1
2231,1403715384.812143087,4.0138,4.0174,nan,-1,-1,-1,-1,-1,-1,nan,0.7841,0.7180,1
2232,1403715384.862143040,30.7001,30.6772,nan,-1,-1,-1,-1,-1,-1,nan,27.2745,27.2094,1
2233,1403715384.912143230,3.9850,3.9808,nan,-1,-1,-1,-1,-1,-1,nan,0.5076,0.4395,1
2234,1403715384.962142944,4.1135,4.1154,nan,-1,-1,-1,-1,-1,-1,nan,0.6409,0.5748,1
2235,1403715385.012143135,4.5325,4.4516,nan,-1,-1,-1,-1,-1,-1,nan,0.8319,0.7654,1
2236,1403715385.062143087,17.3627,17.3495,nan,-1,-1,-1,-1,-1,-1,nan,13.8215,13.7592,1
2237,1403715385.112143278,4.0426,4.0276,nan,-1,-1,-1,-1,-1,-1,nan,0.5109,0.4434,1
2238,1403715385.162142992,3.9901,3.9936,nan,-1,-1,-1,-1,-1,-1,nan,0.6631,0.5984,1
2239,1403715385.212143183,4.2186,4.2225,nan,-1,-1,-1,-1,-1,-1,nan,0.8573,0.7947,1
2240,1403715385.262143135,17.0609,17.0645,nan,-1,-1,-1,-1,-1,-1,nan,13.7404,13.6804,1
2241,1403715385.312143087,3.9245,3.9279,nan,-1,-1,-1,-1,-1,-1,nan,0.5024,0.4351,1
2242,1403715385.362143040,3.9806,3.9844,nan,-1,-1,-1,-1,-1,-1,nan,0.6659,0.6035,1
2243,1403715385.412143230,4.1698,4.1736,nan,-1,-1,-1,-1,-1,-1,nan,0.8246,0.7658,1
2244,1403715385.462142944,16.6778,16.6819,nan,-1,-1,-1,-1,-1,-1,nan,13.3112,13.2481,1
2245,1403715385.512143135,3.7871,3.7906,nan,-1,-1,-1,-1,-1,-1,nan,0.5091,0.4467,1
2246,1403715385.562143087,4.0517,4.0552,nan,-1,-1,-1,-1,-1,-1,nan,0.6784,0.6152,1
2247,1403715385.612143278,4.1268,4.1303,nan,-1,-1,-1,-1,-1,-1,nan,0.8275,0.7681,1
2248,1403715385.662142992,16.6359,16.6396,nan,-1,-1,-1,-1,-1,-1,nan,13.2371,13.1666,1
2249,1403715385.712143183,3.8857,3.8900,nan,-1,-1,-1,-1,-1,-1,nan,0.4945,0.4300,1
2250,1403715385.762143135,4.0744,4.0779,nan,-1,-1,-1,-1,-1,-1,nan,0.6855,0.6202,1
2251,1403715385.812143087,4.1231,4.1266,nan,-1,-1,-1,-1,-1,-1,nan,0.8348,0.7743,1
2252,1403715385.862143040,16.6358,16.6392,nan,-1,-1,-1,-1,-1,-1,nan,13.3730,13.3127,1
2253,1403715385.912143230,3.8045,3.8080,nan,-1,-1,-1,-1,-1,-1,nan,0.4957,0.4343,1
2254,1403715385.962142944,3.8339,3.8374,nan,-1,-1,-1,-1,-1,-1,nan,0.6621,0.5994,1
2255,1403715386.012143135,4.1125,4.1162,nan,-1,-1,-1,-1,-1,-1,nan,0.8237,0.7632,1
2256,1403715386.062143087,17.7375,17.7038,nan,-1,-1,-1,-1,-1,-1,nan,14.0858,14.0205,1
2257,1403715386.112143278,3.9093,3.9132,nan,-1,-1,-1,-1,-1,-1,nan,0.4898,0.4256,1
2258,1403715386.162142992,4.1988,4.1884,nan,-1,-1,-1,-1,-1,-1,nan,0.6512,0.5891,1
2259,1403715386.212143183,4.2084,4.2118,nan,-1,-1,-1,-1,-1,-1,nan,0.8360,0.7730,1
2260,1403715386.262143135,17.6815,17.6854,nan,-1,-1,-1,-1,-1,-1,nan,14.3724,14.3070,1
2261,1403715386.312143087,3.8109,3.8146,nan,-1,-1,-1,-1,-1,-1,nan,0.4921,0.4304,1
2262,1403715386.362143040,4.1787,4.1225,nan,-1,-1,-1,-1,-1,-1,nan,0.7023,0.6409,1
2263,1403715386.412143230,4.2600,4.2635,nan,-1,-1,-1,-1,-1,-1,nan,0.8741,0.8134,1
2264,1403715386.462142944,25.0127,25.0161,nan,-1,-1,-1,-1,-1,-1,nan,21.6989,21.6380,1
2265,1403715386.512143135,3.8482,3.8425,nan,-1,-1,-1,-1,-1,-1,nan,0.5014,0.4398,1
2266,1403715386.562143087,4.0265,4.0303,nan,-1,-1,-1,-1,-1,-1,nan,0.7032,0.6332,1
2267,1403715386.612143278,4.4665,4.4574,nan,-1,-1,-1,-1,-1,-1,nan,1.0185,0.9590,1
2268,1403715386.662142992,28.2344,28.2285,nan,-1,-1,-1,-1,-1,-1,nan,24.5798,24.4363,1
2269,1403715386.712143183,4.6765,4.6474,nan,-1,-1,-1,-1,-1,-1,nan,0.7398,0.6567,1
2270,1403715386.762143135,4.5777,4.5555,nan,-1,-1,-1,-1,-1,-1,nan,0.9311,0.8583,1
2271,1403715386.812143087,4.6222,4.6260,nan,-1,-1,-1,-1,-1,-1,nan,1.1559,1.0855,1
2272,1403715386.862143040,18.9115,18.8532,nan,-1,-1,-1,-1,-1,-1,nan,15.0533,14.9850,1
2273,1403715386.912143230,3.8409,3.8344,nan,-1,-1,-1,-1,-1,-1,nan,0.5225,0.4613,1
2274,1403715386.962142944,4.0462,4.0463,nan,-1,-1,-1,-1,-1,-1,nan,0.7367,0.6785,1
2275,1403715387.012143135,4.3809,4.3844,nan,-1,-1,-1,-1,-1,-1,nan,1.0718,1.0135,1
2276,1403715387.062143087,18.5315,18.4544,nan,-1,-1,-1,-1,-1,-1,nan,14.9403,14.8850,1
2277,1403715387.112143278,3.8503,3.8538,nan,-1,-1,-1,-1,-1,-1,nan,0.5699,0.5099,1
2278,1403715387.162142992,4.3402,4.3443,nan,-1,-1,-1,-1,-1,-1,nan,0.7935,0.7214,1
2279,1403715387.212143183,4.5774,4.5725,nan,-1,-1,-1,-1,-1,-1,nan,1.0889,1.0217,1
2280,1403715387.262143135,18.5761,18.5766,nan,-1,-1,-1,-1,-1,-1,nan,15.2319,15.1737,1
2281,1403715387.312143087,3.7569,3.7553,nan,-1,-1,-1,-1,-1,-1,nan,0.5160,0.4600,1
2282,1403715387.362143040,3.9103,3.9138,nan,-1,-1,-1,-1,-1,-1,nan,0.7295,0.6668,1
2283,1403715387.412143230,4.2406,4.2245,nan,-1,-1,-1,-1,-1,-1,nan,0.9360,0.8799,1
2284,1403715387.462142944,26.3192,26.3226,nan,-1,-1,-1,-1,-1,-1,nan,23.1426,23.0852,1
2285,1403715387.512143135,3.7561,3.7537,nan,-1,-1,-1,-1,-1,-1,nan,0.5230,0.4624,1
2286,1403715387.562143087,4.0833,4.0867,nan,-1,-1,-1,-1,-1,-1,nan,0.8199,0.7601,1
2287,1403715387.612143278,4.3819,4.3855,nan,-1,-1,-1,-1,-1,-1,nan,1.0992,1.0335,1
2288,1403715387.662142992,26.3373,26.3003,nan,-1,-1,-1,-1,-1,-1,nan,22.7076,22.6487,1
2289,1403715387.712143183,3.7820,3.7859,nan,-1,-1,-1,-1,-1,-1,nan,0.5077,0.4452,1
2290,1403715387.762143135,3.9396,3.9395,nan,-1,-1,-1,-1,-1,-1,nan,0.7174,0.6610,1
2291,1403715387.812143087,4.3224,4.3261,nan,-1,-1,-1,-1,-1,-1,nan,1.0696,1.0149,1
2292,1403715387.862143040,49.3758,49.3709,nan,-1,-1,-1,-1,-1,-1,nan,45.9844,45.9310,1
2293,1403715387.912143230,3.7605,3.7642,nan,-1,-1,-1,-1,-1,-1,nan,0.5180,0.4594,1
2294,1403715387.962142944,4.1192,4.0988,nan,-1,-1,-1,-1,-1,-1,nan,0.7147,0.6598,1
2295,1403715388.012143135,4.3077,4.3119,nan,-1,-1,-1,-1,-1,-1,nan,1.0693,1.0182,1
2296,1403715388.062143087,18.4810,18.4724,nan,-1,-1,-1,-1,-1,-1,nan,15.0409,14.9752,1
2297,1403715388.112143278,4.0860,4.0753,nan,-1,-1,-1,-1,-1,-1,nan,0.5745,0.5148,1
2298,1403715388.162142992,4.1198,4.1234,nan,-1,-1,-1,-1,-1,-1,nan,0.8537,0.7968,1
2299,1403715388.212143183,4.3234,4.3267,nan,-1,-1,-1,-1,-1,-1,nan,1.1126,1.0586,1
2300,1403715388.262143135,17.9984,18.0021,nan,-1,-1,-1,-1,-1,-1,nan,14.7722,14.7183,1
2301,1403715388.312143087,4.0325,4.0182,nan,-1,-1,-1,-1,-1,-1,nan,0.5075,0.4495,1
2302,1403715388.362143040,3.9270,3.9306,nan,-1,-1,-1,-1,-1,-1,nan,0.6995,0.6459,1
2303,1403715388.412143230,4.3139,4.2440,nan,-1,-1,-1,-1,-1,-1,nan,0.9180,0.8635,1
2304,1403715388.462142944,17.7437,17.7360,nan,-1,-1,-1,-1,-1,-1,nan,14.6150,14.5586,1
2305,1403715388.512143135,3.7925,3.7967,nan,-1,-1,-1,-1,-1,-1,nan,0.4954,0.4400,1
2306,1403715388.562143087,4.1054,4.1096,nan,-1,-1,-1,-1,-1,-1,nan,0.8508,0.7949,1
2307,1403715388.612143278,4.4747,4.4709,nan,-1,-1,-1,-1,-1,-1,nan,1.1137,1.0585,1
2308,1403715388.662142992,18.6060,18.6096,nan,-1,-1,-1,-1,-1,-1,nan,15.2629,15.2032,1
2309,1403715388.712143183,3.9385,3.9423,nan,-1,-1,-1,-1,-1,-1,nan,0.5360,0.4669,1
2310,1403715388.762143135,4.3171,4.2790,nan,-1,-1,-1,-1,-1,-1,nan,0.7473,0.6802,1
2311,1403715388.812143087,4.5284,4.5210,nan,-1,-1,-1,-1,-1,-1,nan,1.0070,0.9303,1
2312,1403715388.862143040,18.5753,18.5564,nan,-1,-1,-1,-1,-1,-1,nan,15.0505,14.9819,1
2313,1403715388.912143230,4.0480,4.0458,nan,-1,-1,-1,-1,-1,-1,nan,0.5447,0.4734,1
2314,1403715388.962142944,4.2162,4.2201,nan,-1,-1,-1,-1,-1,-1,nan,0.7380,0.6725,1
2315,1403715389.012143135,4.3466,4.3502,nan,-1,-1,-1,-1,-1,-1,nan,0.9631,0.8925,1
2316,1403715389.062143087,18.4414,18.4452,nan,-1,-1,-1,-1,-1,-1,nan,15.1272,15.0652,1
2317,1403715389.112143278,3.9415,3.9454,nan,-1,-1,-1,-1,-1,-1,nan,0.5474,0.4792,1
2318,1403715389.162142992,4.1267,4.1271,nan,-1,-1,-1,-1,-1,-1,nan,0.7420,0.6738,1
2319,1403715389.212143183,4.4174,4.3983,nan,-1,-1,-1,-1,-1,-1,nan,0.9936,0.9203,1
2320,1403715389.262143135,18.0225,18.0132,nan,-1,-1,-1,-1,-1,-1,nan,14.5771,14.5128,1
2321,1403715389.312143087,3.8780,3.8009,nan,-1,-1,-1,-1,-1,-1,nan,0.4990,0.4400,1
2322,1403715389.362143040,3.8963,3.8999,nan,-1,-1,-1,-1,-1,-1,nan,0.7129,0.6540,1
2323,1403715389.412143230,4.1673,4.1510,nan,-1,-1,-1,-1,-1,-1,nan,0.8829,0.8246,1
2324,1403715389.462142944,17.8985,17.8910,nan,-1,-1,-1,-1,-1,-1,nan,14.5653,14.5060,1
2325,1403715389.512143135,3.7962,3.7666,nan,-1,-1,-1,-1,-1,-1,nan,0.5115,0.4531,1
2326,1403715389.562143087,4.0063,4.0073,nan,-1,-1,-1,-1,-1,-1,nan,0.6888,0.6312,1
2327,1403715389.612143278,4.2509,4.2545,nan,-1,-1,-1,-1,-1,-1,nan,1.0306,0.9777,1
2328,1403715389.662142992,17.8284,17.8302,nan,-1,-1,-1,-1,-1,-1,nan,14.6283,14.5635,1
2329,1403715389.712143183,3.8475,3.8511,nan,-1,-1,-1,-1,-1,-1,nan,0.5643,0.5048,1
2330,1403715389.762143135,4.1498,4.1534,nan,-1,-1,-1,-1,-1,-1,nan,0.8831,0.8250,1
2331,1403715389.812143087,4.2166,4.2202,nan,-1,-1,-1,-1,-1,-1,nan,1.0184,0.9638,1
2332,1403715389.862143040,17.9475,17.9439,nan,-1,-1,-1,-1,-1,-1,nan,14.4860,14.4319,1
2333,1403715389.912143230,3.9916,3.9752,nan,-1,-1,-1,-1,-1,-1,nan,0.5079,0.4474,1
2334,1403715389.962142944,4.1039,4.0898,nan,-1,-1,-1,-1,-1,-1,nan,0.6867,0.6299,1
2335,1403715390.012143135,4.2045,4.1970,nan,-1,-1,-1,-1,-1,-1,nan,0.8870,0.8337,1
2336,1403715390.062143087,17.5612,17.5649,nan,-1,-1,-1,-1,-1,-1,nan,14.4093,14.3562,1
2337,1403715390.112143278,3.7843,3.7836,nan,-1,-1,-1,-1,-1,-1,nan,0.4880,0.4324,1
2338,1403715390.162142992,3.9911,3.9929,nan,-1,-1,-1,-1,-1,-1,nan,0.6738,0.6200,1
2339,1403715390.212143183,4.1902,4.1919,nan,-1,-1,-1,-1,-1,-1,nan,0.9928,0.9422,1
2340,1403715390.262143135,18.2790,18.2734,nan,-1,-1,-1,-1,-1,-1,nan,15.0042,14.9503,1
2341,1403715390.312143087,4.2359,4.2153,nan,-1,-1,-1,-1,-1,-1,nan,0.5438,0.4703,1
2342,1403715390.362143040,4.5352,4.4496,nan,-1,-1,-1,-1,-1,-1,nan,0.7614,0.6889,1
2343,1403715390.412143230,4.7771,4.7520,nan,-1,-1,-1,-1,-1,-1,nan,1.1051,1.0387,1
2344,1403715390.462142944,19.1077,19.0920,nan,-1,-1,-1,-1,-1,-1,nan,15.5024,15.4331,1
2345,1403715390.512143135,4.3345,4.3189,nan,-1,-1,-1,-1,-1,-1,nan,0.5346,0.4672,1
2346,1403715390.562143087,4.1928,4.1512,nan,-1,-1,-1,-1,-1,-1,nan,0.8168,0.7548,1
2347,1403715390.612143278,4.6393,4.5474,nan,-1,-1,-1,-1,-1,-1,nan,1.0833,1.0207,1
2348,1403715390.662142992,18.6930,18.6546,nan,-1,-1,-1,-1,-1,-1,nan,15.2386,15.1759,1
2349,1403715390.712143183,4.5174,4.4571,nan,-1,-1,-1,-1,-1,-1,nan,0.5327,0.4639,1
2350,1403715390.762143135,4.2978,4.1742,nan,-1,-1,-1,-1,-1,-1,nan,0.6935,0.6326,1
2351,1403715390.812143087,4.4787,4.4657,nan,-1,-1,-1,-1,-1,-1,nan,1.1148,1.0400,1
2352,1403715390.862143040,18.5551,18.5463,nan,-1,-1,-1,-1,-1,-1,nan,15.2004,15.1345,1
2353,1403715390.912143230,3.8989,3.8900,nan,-1,-1,-1,-1,-1,-1,nan,0.5250,0.4599,1
2354,1403715390.962142944,4.3082,4.2710,nan,-1,-1,-1,-1,-1,-1,nan,0.8041,0.7407,1
2355,1403715391.012143135,4.9900,4.8215,nan,-1,-1,-1,-1,-1,-1,nan,1.0382,0.9735,1
2356,1403715391.062143087,18.5691,18.5267,nan,-1,-1,-1,-1,-1,-1,nan,14.9230,14.8596,1
2357,1403715391.112143278,4.0079,4.0074,nan,-1,-1,-1,-1,-1,-1,nan,0.5152,0.4495,1
2358,1403715391.162142992,4.4333,4.4028,nan,-1,-1,-1,-1,-1,-1,nan,0.6891,0.6300,1
2359,1403715391.212143183,4.4901,4.4597,nan,-1,-1,-1,-1,-1,-1,nan,0.9060,0.8430,1
2360,1403715391.262143135,18.5970,18.5893,nan,-1,-1,-1,-1,-1,-1,nan,14.9944,14.9349,1
2361,1403715391.312143087,4.0228,4.0005,nan,-1,-1,-1,-1,-1,-1,nan,0.5195,0.4529,1
2362,1403715391.362143040,4.2302,4.1772,nan,-1,-1,-1,-1,-1,-1,nan,0.6672,0.6090,1
2363,1403715391.412143230,4.5157,4.4949,nan,-1,-1,-1,-1,-1,-1,nan,1.0423,0.9816,1
2364,1403715391.462142944,18.3998,18.3983,nan,-1,-1,-1,-1,-1,-1,nan,14.9967,14.9387,1
2365,1403715391.512143135,4.2856,4.2275,nan,-1,-1,-1,-1,-1,-1,nan,0.5122,0.4461,1
2366,1403715391.562143087,4.4987,4.3862,nan,-1,-1,-1,-1,-1,-1,nan,0.7381,0.6668,1
2367,1403715391.612143278,5.2491,5.2191,nan,-1,-1,-1,-1,-1,-1,nan,0.9296,0.8538,1
2368,1403715391.662142992,18.8693,18.7692,nan,-1,-1,-1,-1,-1,-1,nan,15.4553,15.3912,1
2369,1403715391.712143183,3.8998,3.8967,nan,-1,-1,-1,-1,-1,-1,nan,0.5290,0.4600,1
2370,1403715391.762143135,4.5002,4.4252,nan,-1,-1,-1,-1,-1,-1,nan,0.7211,0.6516,1
2371,1403715391.812143087,4.6230,4.6072,nan,-1,-1,-1,-1,-1,-1,nan,0.9110,0.8376,1
2372,1403715391.862143040,18.7545,18.6473,nan,-1,-1,-1,-1,-1,-1,nan,14.8717,14.7846,1
2373,1403715391.912143230,4.2905,4.2530,nan,-1,-1,-1,-1,-1,-1,nan,0.5066,0.4370,1
2374,1403715391.962142944,4.7283,4.7327,nan,-1,-1,-1,-1,-1,-1,nan,0.7119,0.6400,1
2375,1403715392.012143135,4.4658,4.4523,nan,-1,-1,-1,-1,-1,-1,nan,0.8887,0.8154,1
2376,1403715392.062143087,18.4085,18.3438,nan,-1,-1,-1,-1,-1,-1,nan,14.6452,14.5807,1
2377,1403715392.112143278,4.1894,4.1538,nan,-1,-1,-1,-1,-1,-1,nan,0.5167,0.4513,1
2378,1403715392.162142992,4.6986,4.6772,nan,-1,-1,-1,-1,-1,-1,nan,0.7409,0.6754,1
2379,1403715392.212143183,4.3883,4.3670,nan,-1,-1,-1,-1,-1,-1,nan,0.8550,0.7964,1
2380,1403715392.262143135,18.0484,18.0422,nan,-1,-1,-1,-1,-1,-1,nan,14.5032,14.4422,1
2381,1403715392.312143087,4.5526,4.5512,nan,-1,-1,-1,-1,-1,-1,nan,0.4757,0.4088,1
2382,1403715392.362143040,4.2632,4.2592,nan,-1,-1,-1,-1,-1,-1,nan,0.6516,0.5832,1
2383,1403715392.412143230,4.3325,4.3011,nan,-1,-1,-1,-1,-1,-1,nan,0.7812,0.7202,1
2384,1403715392.462142944,18.1973,18.1251,nan,-1,-1,-1,-1,-1,-1,nan,14.1715,14.1090,1
2385,1403715392.512143135,3.8441,3.8478,nan,-1,-1,-1,-1,-1,-1,nan,0.4037,0.3454,1
2386,1403715392.562143087,5.0221,4.5371,nan,-1,-1,-1,-1,-1,-1,nan,0.5420,0.4848,1
2387,1403715392.612143278,4.0111,3.9870,nan,-1,-1,-1,-1,-1,-1,nan,0.7030,0.6431,1
2388,1403715392.662142992,18.6127,18.2770,nan,-1,-1,-1,-1,-1,-1,nan,14.0025,13.9425,1
2389,1403715392.712143183,3.6908,3.6913,nan,-1,-1,-1,-1,-1,-1,nan,0.4239,0.3628,1
2390,1403715392.762143135,4.1767,4.1758,nan,-1,-1,-1,-1,-1,-1,nan,0.5898,0.5298,1
2391,1403715392.812143087,3.8511,3.8554,nan,-1,-1,-1,-1,-1,-1,nan,0.6910,0.6320,1
2392,1403715392.862143040,17.5906,17.4874,nan,-1,-1,-1,-1,-1,-1,nan,13.9195,13.8601,1
2393,1403715392.912143230,3.7555,3.7497,nan,-1,-1,-1,-1,-1,-1,nan,0.4250,0.3634,1
2394,1403715392.962142944,3.9005,3.9003,nan,-1,-1,-1,-1,-1,-1,nan,0.5863,0.5249,1
2395,1403715393.012143135,4.0871,4.0625,nan,-1,-1,-1,-1,-1,-1,nan,0.6767,0.6172,1
2396,1403715393.062143087,16.8137,16.7709,nan,-1,-1,-1,-1,-1,-1,nan,13.3083,13.2505,1
2397,1403715393.112143278,3.9501,3.9435,nan,-1,-1,-1,-1,-1,-1,nan,0.4749,0.4070,1
2398,1403715393.162142992,3.9521,3.9565,nan,-1,-1,-1,-1,-1,-1,nan,0.6299,0.5614,1
2399,1403715393.212143183,4.2580,4.2091,nan,-1,-1,-1,-1,-1,-1,nan,0.7426,0.6797,1
2400,1403715393.262143135,16.9863,16.8083,nan,-1,-1,-1,-1,-1,-1,nan,13.3907,13.3265,1
2401,1403715393.312143087,4.0461,3.9916,nan,-1,-1,-1,-1,-1,-1,nan,0.4158,0.3523,1
2402,1403715393.362143040,3.8995,3.8760,nan,-1,-1,-1,-1,-1,-1,nan,0.5435,0.4856,1
2403,1403715393.412143230,3.9499,3.9468,nan,-1,-1,-1,-1,-1,-1,nan,0.7010,0.6367,1
2404,1403715393.462142944,42.9253,42.9080,nan,-1,-1,-1,-1,-1,-1,nan,39.7496,39.6862,1
2405,1403715393.512143135,3.8135,3.8022,nan,-1,-1,-1,-1,-1,-1,nan,0.3867,0.3246,1
2406,1403715393.562143087,3.6458,3.6416,nan,-1,-1,-1,-1,-1,-1,nan,0.4929,0.4348,1
2407,1403715393.612143278,3.8676,3.8629,nan,-1,-1,-1,-1,-1,-1,nan,0.6267,0.5660,1
2408,1403715393.662142992,15.8599,15.8303,nan,-1,-1,-1,-1,-1,-1,nan,12.5779,12.5207,1
2409,1403715393.712143183,3.6025,3.6033,nan,-1,-1,-1,-1,-1,-1,nan,0.3828,0.3160,1
2410,1403715393.762143135,4.2356,4.2289,nan,-1,-1,-1,-1,-1,-1,nan,0.6008,0.4540,1
2411,1403715393.812143087,4.4805,4.4448,nan,-1,-1,-1,-1,-1,-1,nan,0.6041,0.5395,1
2412,1403715393.862143040,16.3213,16.0993,nan,-1,-1,-1,-1,-1,-1,nan,12.2550,12.1627,1
2413,1403715393.912143230,3.6406,3.6084,nan,-1,-1,-1,-1,-1,-1,nan,0.3895,0.3240,1
2414,1403715393.962142944,3.7565,3.7527,nan,-1,-1,-1,-1,-1,-1,nan,0.4815,0.4198,1
2415,1403715394.012143135,4.0188,4.0074,nan,-1,-1,-1,-1,-1,-1,nan,0.6346,0.5688,1
2416,1403715394.062143087,15.5007,15.4791,nan,-1,-1,-1,-1,-1,-1,nan,12.1031,12.0381,1
2417,1403715394.112143278,3.8473,3.8048,nan,-1,-1,-1,-1,-1,-1,nan,0.3756,0.3148,1
2418,1403715394.162142992,4.3090,4.2224,nan,-1,-1,-1,-1,-1,-1,nan,0.5237,0.4586,1
2419,1403715394.212143183,4.0460,4.0477,nan,-1,-1,-1,-1,-1,-1,nan,0.6609,0.5935,1
2420,1403715394.262143135,16.4147,16.2454,nan,-1,-1,-1,-1,-1,-1,nan,11.9937,11.9255,1
2421,1403715394.312143087,4.3900,4.3522,nan,-1,-1,-1,-1,-1,-1,nan,0.4294,0.3647,1
2422,1403715394.362143040,3.7509,3.7495,nan,-1,-1,-1,-1,-1,-1,nan,0.5593,0.4971,1
2423,1403715394.412143230,3.9424,3.9388,nan,-1,-1,-1,-1,-1,-1,nan,0.6536,0.5960,1
2424,1403715394.462142944,21.0548,21.0399,nan,-1,-1,-1,-1,-1,-1,nan,17.7020,17.6402,1
2425,1403715394.512143135,4.8714,4.5678,nan,-1,-1,-1,-1,-1,-1,nan,0.4578,0.3858,1
2426,1403715394.562143087,4.2512,4.2552,nan,-1,-1,-1,-1,-1,-1,nan,0.5248,0.4650,1
2427,1403715394.612143278,4.1704,4.1396,nan,-1,-1,-1,-1,-1,-1,nan,0.6760,0.6074,1
2428,1403715394.662142992,14.9142,14.9184,nan,-1,-1,-1,-1,-1,-1,nan,11.4427,11.3810,1
2429,1403715394.712143183,4.0921,4.0505,nan,-1,-1,-1,-1,-1,-1,nan,0.3993,0.3379,1
2430,1403715394.762143135,4.2888,4.2707,nan,-1,-1,-1,-1,-1,-1,nan,0.4994,0.4380,1
2431,1403715394.812143087,4.5033,4.4090,nan,-1,-1,-1,-1,-1,-1,nan,0.6857,0.6161,1
2432,1403715394.862143040,15.1513,15.1174,nan,-1,-1,-1,-1,-1,-1,nan,11.6665,11.5966,1
2433,1403715394.912143230,3.7850,3.7890,nan,-1,-1,-1,-1,-1,-1,nan,0.4615,0.3879,1
2434,1403715394.962142944,3.8922,3.8949,nan,-1,-1,-1,-1,-1,-1,nan,0.6069,0.5317,1
2435,1403715395.012143135,3.9863,3.9821,nan,-1,-1,-1,-1,-1,-1,nan,0.6988,0.6290,1
2436,1403715395.062143087,14.7208,14.7125,nan,-1,-1,-1,-1,-1,-1,nan,11.3968,11.3283,1
2437,1403715395.112143278,4.0242,4.0198,nan,-1,-1,-1,-1,-1,-1,nan,0.5347,0.4583,1
2438,1403715395.162142992,4.6020,4.6060,nan,-1,-1,-1,-1,-1,-1,nan,0.6577,0.5802,1
2439,1403715395.212143183,4.3377,4.3420,nan,-1,-1,-1,-1,-1,-1,nan,0.7570,0.6842,1
2440,1403715395.262143135,15.6912,15.6398,nan,-1,-1,-1,-1,-1,-1,nan,12.0797,12.0063,1
2441,1403715395.312143087,3.6735,3.6769,nan,-1,-1,-1,-1,-1,-1,nan,0.4778,0.4078,1
2442,1403715395.362143040,3.6962,3.6998,nan,-1,-1,-1,-1,-1,-1,nan,0.5463,0.4905,1
2443,1403715395.412143230,4.1618,4.1204,nan,-1,-1,-1,-1,-1,-1,nan,0.7272,0.6603,1
2444,1403715395.462142944,16.4859,16.3359,nan,-1,-1,-1,-1,-1,-1,nan,12.4720,12.3995,1
2445,1403715395.512143135,3.8744,3.8787,nan,-1,-1,-1,-1,-1,-1,nan,0.4501,0.3836,1
2446,1403715395.562143087,4.3705,4.3531,nan,-1,-1,-1,-1,-1,-1,nan,0.6292,0.5565,1
2447,1403715395.612143278,4.2724,4.2621,nan,-1,-1,-1,-1,-1,-1,nan,0.7293,0.6616,1
2448,1403715395.662142992,15.1254,15.1292,nan,-1,-1,-1,-1,-1,-1,nan,11.9786,11.9189,1
2449,1403715395.712143183,3.6990,3.7028,nan,-1,-1,-1,-1,-1,-1,nan,0.4368,0.3713,1
2450,1403715395.762143135,3.7637,3.7672,nan,-1,-1,-1,-1,-1,-1,nan,0.5425,0.4842,1
2451,1403715395.812143087,3.9531,3.9573,nan,-1,-1,-1,-1,-1,-1,nan,0.6779,0.6161,1
2452,1403715395.862143040,16.0325,15.9518,nan,-1,-1,-1,-1,-1,-1,nan,12.7829,12.7235,1
2453,1403715395.912143230,3.9973,3.9845,nan,-1,-1,-1,-1,-1,-1,nan,0.4840,0.4094,1
2454,1403715395.962142944,3.9366,3.9252,nan,-1,-1,-1,-1,-1,-1,nan,0.5720,0.5071,1
2455,1403715396.012143135,4.1253,4.0624,nan,-1,-1,-1,-1,-1,-1,nan,0.7225,0.6545,1
2456,1403715396.062143087,23.3502,23.3139,nan,-1,-1,-1,-1,-1,-1,nan,19.8952,19.8247,1
2457,1403715396.112143278,4.3144,4.2911,nan,-1,-1,-1,-1,-1,-1,nan,0.4197,0.3408,1
2458,1403715396.162142992,4.0615,4.0133,nan,-1,-1,-1,-1,-1,-1,nan,0.5232,0.4550,1
2459,1403715396.212143183,4.0240,4.0284,nan,-1,-1,-1,-1,-1,-1,nan,0.6834,0.6103,1
2460,1403715396.262143135,42.4871,42.4909,nan,-1,-1,-1,-1,-1,-1,nan,39.1438,39.0587,1
2461,1403715396.312143087,3.7640,3.7640,nan,-1,-1,-1,-1,-1,-1,nan,0.4166,0.3342,1
2462,1403715396.362143040,4.0478,4.0163,nan,-1,-1,-1,-1,-1,-1,nan,0.5918,0.5050,1
2463,1403715396.412143230,3.9642,3.9576,nan,-1,-1,-1,-1,-1,-1,nan,0.6671,0.5964,1
2464,1403715396.462142944,15.5270,15.5203,nan,-1,-1,-1,-1,-1,-1,nan,12.1482,12.0747,1
2465,1403715396.512143135,3.6508,3.6544,nan,-1,-1,-1,-1,-1,-1,nan,0.3771,0.3102,1
2466,1403715396.562143087,3.6531,3.6511,nan,-1,-1,-1,-1,-1,-1,nan,0.5213,0.4589,1
2467,1403715396.612143278,3.9399,3.9321,nan,-1,-1,-1,-1,-1,-1,nan,0.6287,0.5677,1
2468,1403715396.662142992,16.4535,16.4448,nan,-1,-1,-1,-1,-1,-1,nan,13.0989,13.0373,1
2469,1403715396.712143183,3.7865,3.7901,nan,-1,-1,-1,-1,-1,-1,nan,0.3440,0.2771,1
2470,1403715396.762143135,3.7572,3.7609,nan,-1,-1,-1,-1,-1,-1,nan,0.5229,0.4503,1
2471,1403715396.812143087,3.7295,3.7331,nan,-1,-1,-1,-1,-1,-1,nan,0.5853,0.5227,1
2472,1403715396.862143040,14.8438,14.8471,nan,-1,-1,-1,-1,-1,-1,nan,11.7457,11.6811,1
2473,1403715396.912143230,3.6033,3.6069,nan,-1,-1,-1,-1,-1,-1,nan,0.3350,0.2688,1
2474,1403715396.962142944,3.6453,3.6487,nan,-1,-1,-1,-1,-1,-1,nan,0.4599,0.3976,1
2475,1403715397.012143135,3.7177,3.7212,nan,-1,-1,-1,-1,-1,-1,nan,0.5893,0.5252,1
2476,1403715397.062143087,15.4448,15.4483,nan,-1,-1,-1,-1,-1,-1,nan,11.9675,11.8937,1
2477,1403715397.112143278,3.6600,3.6637,nan,-1,-1,-1,-1,-1,-1,nan,0.3741,0.3072,1
2478,1403715397.162142992,3.6952,3.6989,nan,-1,-1,-1,-1,-1,-1,nan,0.4928,0.4282,1
2479,1403715397.212143183,4.2415,4.1995,nan,-1,-1,-1,-1,-1,-1,nan,0.6675,0.6010,1
2480,1403715397.262143135,15.3504,15.3542,nan,-1,-1,-1,-1,-1,-1,nan,12.1217,12.0582,1
2481,1403715397.312143087,3.9192,3.8712,nan,-1,-1,-1,-1,-1,-1,nan,0.3934,0.3261,1
2482,1403715397.362143040,4.0844,4.0486,nan,-1,-1,-1,-1,-1,-1,nan,0.5156,0.4474,1
2483,1403715397.412143230,3.8966,3.9003,nan,-1,-1,-1,-1,-1,-1,nan,0.6666,0.6017,1
2484,1403715397.462142944,15.3007,15.2981,nan,-1,-1,-1,-1,-1,-1,nan,12.0572,11.9938,1
2485,1403715397.512143135,3.8391,3.8187,nan,-1,-1,-1,-1,-1,-1,nan,0.3866,0.3214,1
2486,1403715397.562143087,3.7471,3.7547,nan,-1,-1,-1,-1,-1,-1,nan,0.5469,0.4810,1
2487,1403715397.612143278,3.9405,3.9354,nan,-1,-1,-1,-1,-1,-1,nan,0.6643,0.6012,1
2488,1403715397.662142992,15.1390,15.1383,nan,-1,-1,-1,-1,-1,-1,nan,11.9003,11.8387,1
2489,1403715397.712143183,3.7217,3.7012,nan,-1,-1,-1,-1,-1,-1,nan,0.3736,0.3087,1
2490,1403715397.762143135,3.8547,3.8450,nan,-1,-1,-1,-1,-1,-1,nan,0.5212,0.4583,1
2491,1403715397.812143087,3.8699,3.8700,nan,-1,-1,-1,-1,-1,-1,nan,0.6505,0.5920,1
2492,1403715397.862143040,15.3162,15.2922,nan,-1,-1,-1,-1,-1,-1,nan,11.9568,11.8941,1
2493,1403715397.912143230,3.5258,3.5294,nan,-1,-1,-1,-1,-1,-1,nan,0.3800,0.3185,1
2494,1403715397.962142944,3.6270,3.6305,nan,-1,-1,-1,-1,-1,-1,nan,0.5150,0.4525,1
2495,1403715398.012143135,3.7670,3.7732,nan,-1,-1,-1,-1,-1,-1,nan,0.6305,0.5719,1
2496,1403715398.062143087,40.8623,40.8612,nan,-1,-1,-1,-1,-1,-1,nan,37.6449,37.5871,1
2497,1403715398.112143278,3.5837,3.5812,nan,-1,-1,-1,-1,-1,-1,nan,0.3922,0.3235,1
2498,1403715398.162142992,3.6890,3.6910,nan,-1,-1,-1,-1,-1,-1,nan,0.5387,0.4750,1
2499,1403715398.212143183,3.9017,3.9027,nan,-1,-1,-1,-1,-1,-1,nan,0.6711,0.6144,1
2500,1403715398.262143135,15.2208,15.2103,nan,-1,-1,-1,-1,-1,-1,nan,12.0137,11.9523,1
2501,1403715398.312143087,3.4746,3.4784,nan,-1,-1,-1,-1,-1,-1,nan,0.3734,0.3120,1
2502,1403715398.362143040,3.7376,3.7378,nan,-1,-1,-1,-1,-1,-1,nan,0.5191,0.4617,1
2503,1403715398.412143230,3.7649,3.7688,nan,-1,-1,-1,-1,-1,-1,nan,0.6654,0.6049,1
2504,1403715398.462142944,15.4516,15.4445,nan,-1,-1,-1,-1,-1,-1,nan,12.1783,12.1008,1
2505,1403715398.512143135,3.8730,3.8528,nan,-1,-1,-1,-1,-1,-1,nan,0.3717,0.3148,1
2506,1403715398.562143087,3.9503,3.8407,nan,-1,-1,-1,-1,-1,-1,nan,0.5102,0.4495,1
2507,1403715398.612143278,3.7463,3.7498,nan,-1,-1,-1,-1,-1,-1,nan,0.6203,0.5631,1
2508,1403715398.662142992,15.1272,15.1307,nan,-1,-1,-1,-1,-1,-1,nan,12.0220,11.9657,1
2509,1403715398.712143183,3.5106,3.5075,nan,-1,-1,-1,-1,-1,-1,nan,0.3602,0.3002,1
2510,1403715398.762143135,3.5468,3.5512,nan,-1,-1,-1,-1,-1,-1,nan,0.4950,0.4338,1
2511,1403715398.812143087,3.7212,3.7249,nan,-1,-1,-1,-1,-1,-1,nan,0.6665,0.6016,1
2512,1403715398.862143040,15.0453,15.0490,nan,-1,-1,-1,-1,-1,-1,nan,11.9586,11.8996,1
2513,1403715398.912143230,3.5367,3.5355,nan,-1,-1,-1,-1,-1,-1,nan,0.4167,0.3504,1
2514,1403715398.962142944,3.6368,3.6375,nan,-1,-1,-1,-1,-1,-1,nan,0.4975,0.4434,1
2515,1403715399.012143135,4.0644,4.0395,nan,-1,-1,-1,-1,-1,-1,nan,0.7157,0.6480,1
2516,1403715399.062143087,21.5462,21.5390,nan,-1,-1,-1,-1,-1,-1,nan,18.2808,18.2233,1
2517,1403715399.112143278,3.7424,3.7390,nan,-1,-1,-1,-1,-1,-1,nan,0.3946,0.3306,1
2518,1403715399.162142992,3.7623,3.7513,nan,-1,-1,-1,-1,-1,-1,nan,0.5442,0.4763,1
2519,1403715399.212143183,3.7945,3.7980,nan,-1,-1,-1,-1,-1,-1,nan,0.6550,0.5958,1
2520,1403715399.262143135,41.8518,41.8512,nan,-1,-1,-1,-1,-1,-1,nan,38.6361,38.5733,1
2521,1403715399.312143087,3.7285,3.7324,nan,-1,-1,-1,-1,-1,-1,nan,0.4295,0.3603,1
2522,1403715399.362143040,4.0382,4.0423,nan,-1,-1,-1,-1,-1,-1,nan,0.6225,0.5488,1
2523,1403715399.412143230,4.1775,4.1571,nan,-1,-1,-1,-1,-1,-1,nan,0.7354,0.6648,1
2524,1403715399.462142944,15.7796,15.7836,nan,-1,-1,-1,-1,-1,-1,nan,12.4455,12.3742,1
2525,1403715399.512143135,3.7055,3.7092,nan,-1,-1,-1,-1,-1,-1,nan,0.4418,0.3720,1
2526,1403715399.562143087,3.8711,3.8676,nan,-1,-1,-1,-1,-1,-1,nan,0.5815,0.5146,1
2527,1403715399.612143278,4.0987,4.1022,nan,-1,-1,-1,-1,-1,-1,nan,0.7754,0.7025,1
2528,1403715399.662142992,16.0564,16.0602,nan,-1,-1,-1,-1,-1,-1,nan,12.7464,12.6433,1
2529,1403715399.712143183,4.0718,4.0571,nan,-1,-1,-1,-1,-1,-1,nan,0.4856,0.3992,1
2530,1403715399.762143135,4.1020,4.0845,nan,-1,-1,-1,-1,-1,-1,nan,0.5896,0.5224,1
2531,1403715399.812143087,4.2073,4.2111,nan,-1,-1,-1,-1,-1,-1,nan,0.9020,0.8287,1
2532,1403715399.862143040,15.9683,15.9739,nan,-1,-1,-1,-1,-1,-1,nan,12.6574,12.5833,1
2533,1403715399.912143230,3.7477,3.7459,nan,-1,-1,-1,-1,-1,-1,nan,0.4747,0.4040,1
2534,1403715399.962142944,3.9884,3.9257,nan,-1,-1,-1,-1,-1,-1,nan,0.6175,0.5448,1
2535,1403715400.012143135,4.3507,4.3039,nan,-1,-1,-1,-1,-1,-1,nan,0.7716,0.7056,1
2536,1403715400.062143087,15.9706,15.9713,nan,-1,-1,-1,-1,-1,-1,nan,12.7085,12.6411,1
2537,1403715400.112143278,3.7807,3.7844,nan,-1,-1,-1,-1,-1,-1,nan,0.4826,0.4153,1
2538,1403715400.162142992,3.8750,3.8789,nan,-1,-1,-1,-1,-1,-1,nan,0.6600,0.5972,1
2539,1403715400.212143183,4.0806,4.0844,nan,-1,-1,-1,-1,-1,-1,nan,0.8743,0.7986,1
2540,1403715400.262143135,16.5307,16.5337,nan,-1,-1,-1,-1,-1,-1,nan,13.1484,13.0812,1
2541,1403715400.312143087,3.6499,3.6533,nan,-1,-1,-1,-1,-1,-1,nan,0.4933,0.4248,1
2542,1403715400.362143040,3.8988,3.8975,nan,-1,-1,-1,-1,-1,-1,nan,0.6254,0.5635,1
2543,1403715400.412143230,3.9832,3.9846,nan,-1,-1,-1,-1,-1,-1,nan,0.8056,0.7402,1
2544,1403715400.462142944,16.7239,16.7056,nan,-1,-1,-1,-1,-1,-1,nan,13.3684,13.3023,1
2545,1403715400.512143135,3.7035,3.7070,nan,-1,-1,-1,-1,-1,-1,nan,0.4613,0.3932,1
2546,1403715400.562143087,3.9220,3.9022,nan,-1,-1,-1,-1,-1,-1,nan,0.6030,0.5401,1
2547,1403715400.612143278,3.8914,3.8948,nan,-1,-1,-1,-1,-1,-1,nan,0.7422,0.6845,1
2548,1403715400.662142992,17.2207,17.2217,nan,-1,-1,-1,-1,-1,-1,nan,14.0247,13.9653,1
2549,1403715400.712143183,3.7228,3.7266,nan,-1,-1,-1,-1,-1,-1,nan,0.4424,0.3695,1
2550,1403715400.762143135,3.7990,3.8025,nan,-1,-1,-1,-1,-1,-1,nan,0.6172,0.5504,1
2551,1403715400.812143087,3.9972,3.9972,nan,-1,-1,-1,-1,-1,-1,nan,0.7363,0.6701,1
2552,1403715400.862143040,16.9012,16.9054,nan,-1,-1,-1,-1,-1,-1,nan,13.6782,13.6117,1
2553,1403715400.912143230,3.6400,3.6408,nan,-1,-1,-1,-1,-1,-1,nan,0.4365,0.3740,1
2554,1403715400.962142944,3.7927,3.7963,nan,-1,-1,-1,-1,-1,-1,nan,0.5956,0.5312,1
2555,1403715401.012143135,3.9155,3.9193,nan,-1,-1,-1,-1,-1,-1,nan,0.7347,0.6689,1
2556,1403715401.062143087,16.6106,16.6121,nan,-1,-1,-1,-1,-1,-1,nan,13.4051,13.3476,1
2557,1403715401.112143278,3.7354,3.7275,nan,-1,-1,-1,-1,-1,-1,nan,0.4338,0.3736,1
2558,1403715401.162142992,3.7756,3.7758,nan,-1,-1,-1,-1,-1,-1,nan,0.5628,0.5046,1
2559,1403715401.212143183,3.9211,3.9156,nan,-1,-1,-1,-1,-1,-1,nan,0.7050,0.6477,1
2560,1403715401.262143135,16.7084,16.6570,nan,-1,-1,-1,-1,-1,-1,nan,13.1830,13.1259,1
2561,1403715401.312143087,3.7000,3.7009,nan,-1,-1,-1,-1,-1,-1,nan,0.4310,0.3754,1
2562,1403715401.362143040,3.8684,3.8720,nan,-1,-1,-1,-1,-1,-1,nan,0.5693,0.5133,1
2563,1403715401.412143230,4.0933,4.0718,nan,-1,-1,-1,-1,-1,-1,nan,0.6993,0.6472,1
2564,1403715401.462142944,16.0967,16.1005,nan,-1,-1,-1,-1,-1,-1,nan,12.8912,12.8326,1
2565,1403715401.512143135,3.5552,3.5585,nan,-1,-1,-1,-1,-1,-1,nan,0.4095,0.3506,1
2566,1403715401.562143087,3.6883,3.6916,nan,-1,-1,-1,-1,-1,-1,nan,0.5327,0.4778,1
2567,1403715401.612143278,3.7995,3.8059,nan,-1,-1,-1,-1,-1,-1,nan,0.6312,0.5776,1
2568,1403715401.662142992,16.2384,16.2418,nan,-1,-1,-1,-1,-1,-1,nan,13.1565,13.1002,1
2569,1403715401.712143183,3.7874,3.7860,nan,-1,-1,-1,-1,-1,-1,nan,0.3960,0.3261,1
2570,1403715401.762143135,3.7672,3.7735,nan,-1,-1,-1,-1,-1,-1,nan,0.5145,0.4574,1
2571,1403715401.812143087,3.7707,3.7740,nan,-1,-1,-1,-1,-1,-1,nan,0.6335,0.5805,1
2572,1403715401.862143040,16.4978,16.4905,nan,-1,-1,-1,-1,-1,-1,nan,13.0599,13.0090,1
2573,1403715401.912143230,3.6382,3.6339,nan,-1,-1,-1,-1,-1,-1,nan,0.3819,0.3259,1
2574,1403715401.962142944,3.7628,3.7664,nan,-1,-1,-1,-1,-1,-1,nan,0.5359,0.4789,1
2575,1403715402.012143135,3.8528,3.8326,nan,-1,-1,-1,-1,-1,-1,nan,0.6669,0.6111,1
2576,1403715402.062143087,16.5262,16.4954,nan,-1,-1,-1,-1,-1,-1,nan,13.1272,13.0723,1
2577,1403715402.112143278,3.7145,3.7089,nan,-1,-1,-1,-1,-1,-1,nan,0.3780,0.3188,1
2578,1403715402.162142992,3.6415,3.6224,nan,-1,-1,-1,-1,-1,-1,nan,0.4933,0.4394,1
2579,1403715402.212143183,4.1251,3.9641,nan,-1,-1,-1,-1,-1,-1,nan,0.6219,0.5632,1
2580,1403715402.262143135,16.0554,16.0485,nan,-1,-1,-1,-1,-1,-1,nan,12.8197,12.7641,1
2581,1403715402.312143087,3.6067,3.6084,nan,-1,-1,-1,-1,-1,-1,nan,0.3475,0.2909,1
2582,1403715402.362143040,4.3898,4.2748,nan,-1,-1,-1,-1,-1,-1,nan,0.4912,0.4280,1
2583,1403715402.412143230,4.0062,3.9848,nan,-1,-1,-1,-1,-1,-1,nan,0.5809,0.5269,1
2584,1403715402.462142944,15.5674,15.5472,nan,-1,-1,-1,-1,-1,-1,nan,12.2270,12.1717,1
2585,1403715402.512143135,3.5456,3.5460,nan,-1,-1,-1,-1,-1,-1,nan,0.3226,0.2684,1
2586,1403715402.562143087,3.6111,3.6183,nan,-1,-1,-1,-1,-1,-1,nan,0.4671,0.4146,1
2587,1403715402.612143278,3.6796,3.6830,nan,-1,-1,-1,-1,-1,-1,nan,0.5891,0.5358,1
2588,1403715402.662142992,15.3429,15.3435,nan,-1,-1,-1,-1,-1,-1,nan,12.1665,12.1135,1
2589,1403715402.712143183,3.5155,3.5191,nan,-1,-1,-1,-1,-1,-1,nan,0.3495,0.2945,1
2590,1403715402.762143135,3.5645,3.5495,nan,-1,-1,-1,-1,-1,-1,nan,0.4559,0.4028,1
2591,1403715402.812143087,3.5490,3.5530,nan,-1,-1,-1,-1,-1,-1,nan,0.5908,0.5381,1
2592,1403715402.862143040,15.1038,15.1018,nan,-1,-1,-1,-1,-1,-1,nan,12.0104,11.9495,1
2593,1403715402.912143230,3.3915,3.3951,nan,-1,-1,-1,-1,-1,-1,nan,0.3569,0.2995,1
2594,1403715402.962142944,3.5591,3.5630,nan,-1,-1,-1,-1,-1,-1,nan,0.4837,0.4258,1
2595,1403715403.012143135,3.7389,3.7424,nan,-1,-1,-1,-1,-1,-1,nan,0.6053,0.5441,1
2596,1403715403.062143087,15.1245,15.1282,nan,-1,-1,-1,-1,-1,-1,nan,12.0231,11.9601,1
2597,1403715403.112143278,3.4850,3.4847,nan,-1,-1,-1,-1,-1,-1,nan,0.3428,0.2841,1
2598,1403715403.162142992,3.7457,3.7458,nan,-1,-1,-1,-1,-1,-1,nan,0.5062,0.4425,1
2599,1403715403.212143183,3.8760,3.8690,nan,-1,-1,-1,-1,-1,-1,nan,0.6181,0.5590,1
2600,1403715403.262143135,15.0755,15.0792,nan,-1,-1,-1,-1,-1,-1,nan,11.8944,11.8352,1
2601,1403715403.312143087,3.8325,3.8062,nan,-1,-1,-1,-1,-1,-1,nan,0.4060,0.3443,1
2602,1403715403.362143040,3.7383,3.7425,nan,-1,-1,-1,-1,-1,-1,nan,0.5178,0.4570,1
2603,1403715403.412143230,4.0811,4.0578,nan,-1,-1,-1,-1,-1,-1,nan,0.6455,0.5850,1
2604,1403715403.462142944,15.0251,15.0288,nan,-1,-1,-1,-1,-1,-1,nan,11.8120,11.7540,1
2605,1403715403.512143135,3.8655,3.7781,nan,-1,-1,-1,-1,-1,-1,nan,0.3849,0.3215,1
2606,1403715403.562143087,3.8215,3.7961,nan,-1,-1,-1,-1,-1,-1,nan,0.5141,0.4513,1
2607,1403715403.612143278,3.9582,3.9620,nan,-1,-1,-1,-1,-1,-1,nan,0.7394,0.6825,1
2608,1403715403.662142992,15.1606,15.0932,nan,-1,-1,-1,-1,-1,-1,nan,11.5312,11.4754,1
2609,1403715403.712143183,4.0078,3.9491,nan,-1,-1,-1,-1,-1,-1,nan,0.3907,0.3280,1
2610,1403715403.762143135,3.9893,3.9367,nan,-1,-1,-1,-1,-1,-1,nan,0.5300,0.4707,1
2611,1403715403.812143087,3.8418,3.8453,nan,-1,-1,-1,-1,-1,-1,nan,0.6564,0.5952,1
2612,1403715403.862143040,15.0933,15.0972,nan,-1,-1,-1,-1,-1,-1,nan,11.8433,11.7876,1
2613,1403715403.912143230,3.6260,3.6294,nan,-1,-1,-1,-1,-1,-1,nan,0.3813,0.3218,1
2614,1403715403.962142944,4.0074,4.0042,nan,-1,-1,-1,-1,-1,-1,nan,0.5640,0.4965,1
2615,1403715404.012143135,4.1589,4.1543,nan,-1,-1,-1,-1,-1,-1,nan,0.6582,0.5970,1
2616,1403715404.062143087,15.0311,15.0349,nan,-1,-1,-1,-1,-1,-1,nan,11.7308,11.6750,1
2617,1403715404.112143278,3.6486,3.6524,nan,-1,-1,-1,-1,-1,-1,nan,0.3637,0.3056,1
2618,1403715404.162142992,4.1423,4.1355,nan,-1,-1,-1,-1,-1,-1,nan,0.5182,0.4393,1
2619,1403715404.212143183,3.8540,3.8575,nan,-1,-1,-1,-1,-1,-1,nan,0.5872,0.5366,1
2620,1403715404.262143135,15.3790,15.3447,nan,-1,-1,-1,-1,-1,-1,nan,11.9317,11.8798,1
2621,1403715404.312143087,3.9845,3.9538,nan,-1,-1,-1,-1,-1,-1,nan,0.3690,0.3164,1
2622,1403715404.362143040,3.8183,3.8220,nan,-1,-1,-1,-1,-1,-1,nan,0.4690,0.4168,1
2623,1403715404.412143230,3.7730,3.7766,nan,-1,-1,-1,-1,-1,-1,nan,0.5910,0.5391,1
2624,1403715404.462142944,15.2744,15.2778,nan,-1,-1,-1,-1,-1,-1,nan,12.0149,11.9600,1
2625,1403715404.512143135,3.6376,3.6385,nan,-1,-1,-1,-1,-1,-1,nan,0.3785,0.3244,1
2626,1403715404.562143087,3.7282,3.7318,nan,-1,-1,-1,-1,-1,-1,nan,0.5268,0.4765,1
2627,1403715404.612143278,4.2711,4.1858,nan,-1,-1,-1,-1,-1,-1,nan,0.6658,0.6066,1
2628,1403715404.662142992,15.5058,15.4955,nan,-1,-1,-1,-1,-1,-1,nan,11.9409,11.8816,1
2629,1403715404.712143183,3.7610,3.7322,nan,-1,-1,-1,-1,-1,-1,nan,0.3926,0.3398,1
2630,1403715404.762143135,3.8172,3.8035,nan,-1,-1,-1,-1,-1,-1,nan,0.5036,0.4443,1
2631,1403715404.812143087,3.8434,3.8468,nan,-1,-1,-1,-1,-1,-1,nan,0.6162,0.5625,1
2632,1403715404.862143040,15.2631,15.2667,nan,-1,-1,-1,-1,-1,-1,nan,11.9931,11.9360,1
2633,1403715404.912143230,3.9724,3.9491,nan,-1,-1,-1,-1,-1,-1,nan,0.4117,0.3473,1
2634,1403715404.962142944,3.9185,3.9222,nan,-1,-1,-1,-1,-1,-1,nan,0.5461,0.4851,1
2635,1403715405.012143135,4.0879,4.0915,nan,-1,-1,-1,-1,-1,-1,nan,0.6893,0.6261,1
2636,1403715405.062143087,15.9715,15.9584,nan,-1,-1,-1,-1,-1,-1,nan,12.5229,12.4610,1
2637,1403715405.112143278,3.9477,3.9451,nan,-1,-1,-1,-1,-1,-1,nan,0.4655,0.3926,1
2638,1403715405.162142992,3.9981,4.0017,nan,-1,-1,-1,-1,-1,-1,nan,0.5827,0.5194,1
2639,1403715405.212143183,4.1675,4.1688,nan,-1,-1,-1,-1,-1,-1,nan,0.7091,0.6446,1
2640,1403715405.262143135,16.4030,16.4016,nan,-1,-1,-1,-1,-1,-1,nan,12.8547,12.7888,1
2641,1403715405.312143087,3.9405,3.9335,nan,-1,-1,-1,-1,-1,-1,nan,0.4186,0.3501,1
2642,1403715405.362143040,3.9664,3.9709,nan,-1,-1,-1,-1,-1,-1,nan,0.5531,0.4831,1
2643,1403715405.412143230,3.9724,3.9760,nan,-1,-1,-1,-1,-1,-1,nan,0.6631,0.6005,1
2644,1403715405.462142944,16.1764,16.1800,nan,-1,-1,-1,-1,-1,-1,nan,12.7954,12.7273,1
2645,1403715405.512143135,3.7818,3.7856,nan,-1,-1,-1,-1,-1,-1,nan,0.4133,0.3470,1
2646,1403715405.562143087,3.9136,3.9175,nan,-1,-1,-1,-1,-1,-1,nan,0.5318,0.4666,1
2647,1403715405.612143278,3.8636,3.8603,nan,-1,-1,-1,-1,-1,-1,nan,0.6003,0.5453,1
2648,1403715405.662142992,15.2957,15.2993,nan,-1,-1,-1,-1,-1,-1,nan,12.0918,12.0330,1
2649,1403715405.712143183,3.6937,3.6830,nan,-1,-1,-1,-1,-1,-1,nan,0.3377,0.2840,1
2650,1403715405.762143135,3.7712,3.7747,nan,-1,-1,-1,-1,-1,-1,nan,0.4745,0.4170,1
2651,1403715405.812143087,3.8960,3.8971,nan,-1,-1,-1,-1,-1,-1,nan,0.5574,0.5013,1
2652,1403715405.862143040,16.0246,16.0097,nan,-1,-1,-1,-1,-1,-1,nan,12.4560,12.3855,1
2653,1403715405.912143230,4.1929,4.1079,nan,-1,-1,-1,-1,-1,-1,nan,0.3791,0.3103,1
2654,1403715405.962142944,3.8983,3.8975,nan,-1,-1,-1,-1,-1,-1,nan,0.5005,0.4340,1
2655,1403715406.012143135,3.9743,3.9560,nan,-1,-1,-1,-1,-1,-1,nan,0.5828,0.5207,1
2656,1403715406.062143087,15.6171,15.6180,nan,-1,-1,-1,-1,-1,-1,nan,12.1527,12.0876,1
2657,1403715406.112143278,3.9531,3.9263,nan,-1,-1,-1,-1,-1,-1,nan,0.4138,0.3477,1
2658,1403715406.162142992,4.1517,4.0910,nan,-1,-1,-1,-1,-1,-1,nan,0.5177,0.4498,1
2659,1403715406.212143183,4.1880,4.1915,nan,-1,-1,-1,-1,-1,-1,nan,0.6221,0.5598,1
2660,1403715406.262143135,15.7869,15.7684,nan,-1,-1,-1,-1,-1,-1,nan,12.1392,12.0759,1
2661,1403715406.312143087,3.9699,3.9670,nan,-1,-1,-1,-1,-1,-1,nan,0.3875,0.3211,1
2662,1403715406.362143040,4.1539,4.1082,nan,-1,-1,-1,-1,-1,-1,nan,0.5198,0.4583,1
2663,1403715406.412143230,4.1341,4.1264,nan,-1,-1,-1,-1,-1,-1,nan,0.6497,0.5865,1
2664,1403715406.462142944,15.8890,15.8649,nan,-1,-1,-1,-1,-1,-1,nan,12.3147,12.2428,1
2665,1403715406.512143135,3.9578,3.9621,nan,-1,-1,-1,-1,-1,-1,nan,0.3926,0.3242,1
2666,1403715406.562143087,4.0416,4.0453,nan,-1,-1,-1,-1,-1,-1,nan,0.5060,0.4367,1
2667,1403715406.612143278,4.3572,4.3395,nan,-1,-1,-1,-1,-1,-1,nan,0.6763,0.6072,1
2668,1403715406.662142992,16.0580,16.0397,nan,-1,-1,-1,-1,-1,-1,nan,12.4130,12.3438,1
2669,1403715406.712143183,4.0638,4.0547,nan,-1,-1,-1,-1,-1,-1,nan,0.3992,0.3290,1
2670,1403715406.762143135,4.3255,4.3029,nan,-1,-1,-1,-1,-1,-1,nan,0.5622,0.4801,1
2671,1403715406.812143087,4.3750,4.3559,nan,-1,-1,-1,-1,-1,-1,nan,0.7263,0.6583,1
2672,1403715406.862143040,15.6524,15.6420,nan,-1,-1,-1,-1,-1,-1,nan,12.0230,11.9543,1
2673,1403715406.912143230,4.5579,4.5535,nan,-1,-1,-1,-1,-1,-1,nan,0.4647,0.3710,1
2674,1403715406.962142944,4.6225,4.5935,nan,-1,-1,-1,-1,-1,-1,nan,0.5264,0.4565,1
2675,1403715407.012143135,4.6658,4.6611,nan,-1,-1,-1,-1,-1,-1,nan,0.7640,0.6965,1
2676,1403715407.062143087,15.9747,15.9402,nan,-1,-1,-1,-1,-1,-1,nan,11.8215,11.7522,1
2677,1403715407.112143278,4.8138,4.8167,nan,-1,-1,-1,-1,-1,-1,nan,0.4352,0.3448,1
2678,1403715407.162142992,4.4736,4.4753,nan,-1,-1,-1,-1,-1,-1,nan,0.5534,0.4812,1
2679,1403715407.212143183,4.6263,4.6270,nan,-1,-1,-1,-1,-1,-1,nan,0.7317,0.6603,1
2680,1403715407.262143135,15.8051,15.8010,nan,-1,-1,-1,-1,-1,-1,nan,11.8238,11.7552,1
2681,1403715407.312143087,4.6294,4.6032,nan,-1,-1,-1,-1,-1,-1,nan,0.3901,0.3025,1
2682,1403715407.362143040,4.5410,4.5279,nan,-1,-1,-1,-1,-1,-1,nan,0.4974,0.4240,1
2683,1403715407.412143230,4.6955,4.6994,nan,-1,-1,-1,-1,-1,-1,nan,0.7289,0.6554,1
2684,1403715407.462142944,15.5805,15.5791,nan,-1,-1,-1,-1,-1,-1,nan,11.5923,11.5213,1
2685,1403715407.512143135,4.3367,4.3269,nan,-1,-1,-1,-1,-1,-1,nan,0.3561,0.2866,1
2686,1403715407.562143087,4.5453,4.5272,nan,-1,-1,-1,-1,-1,-1,nan,0.4731,0.4084,1
2687,1403715407.612143278,4.5456,4.5499,nan,-1,-1,-1,-1,-1,-1,nan,0.6820,0.6118,1
2688,1403715407.662142992,15.2611,15.2650,nan,-1,-1,-1,-1,-1,-1,nan,11.5140,11.4534,1
2689,1403715407.712143183,4.3975,4.3893,nan,-1,-1,-1,-1,-1,-1,nan,0.3457,0.2827,1
2690,1403715407.762143135,4.3893,4.3934,nan,-1,-1,-1,-1,-1,-1,nan,0.4707,0.4053,1
2691,1403715407.812143087,4.6914,4.6808,nan,-1,-1,-1,-1,-1,-1,nan,0.5925,0.5310,1
2692,1403715407.862143040,15.5444,15.5100,nan,-1,-1,-1,-1,-1,-1,nan,11.6546,11.5930,1
2693,1403715407.912143230,4.2310,4.2346,nan,-1,-1,-1,-1,-1,-1,nan,0.3664,0.3023,1
2694,1403715407.962142944,4.5715,4.5755,nan,-1,-1,-1,-1,-1,-1,nan,0.4706,0.4094,1
2695,1403715408.012143135,4.7028,4.7071,nan,-1,-1,-1,-1,-1,-1,nan,0.5858,0.5236,1
2696,1403715408.062143087,16.1244,16.0691,nan,-1,-1,-1,-1,-1,-1,nan,11.7629,11.6980,1
2697,1403715408.112143278,4.7265,4.7303,nan,-1,-1,-1,-1,-1,-1,nan,0.3605,0.2980,1
2698,1403715408.162142992,4.8313,4.8256,nan,-1,-1,-1,-1,-1,-1,nan,0.4491,0.3930,1
2699,1403715408.212143183,4.9009,4.8857,nan,-1,-1,-1,-1,-1,-1,nan,0.5382,0.4840,1
2700,1403715408.262143135,16.4802,16.3871,nan,-1,-1,-1,-1,-1,-1,nan,11.6898,11.6332,1
2701,1403715408.312143087,4.6102,4.5953,nan,-1,-1,-1,-1,-1,-1,nan,0.2922,0.2389,1
2702,1403715408.362143040,4.5879,4.5917,nan,-1,-1,-1,-1,-1,-1,nan,0.3975,0.3416,1
2703,1403715408.412143230,4.7162,4.7101,nan,-1,-1,-1,-1,-1,-1,nan,0.5397,0.4775,1
2704,1403715408.462142944,15.9888,15.9881,nan,-1,-1,-1,-1,-1,-1,nan,11.9926,11.9260,1
2705,1403715408.512143135,4.4074,4.3898,nan,-1,-1,-1,-1,-1,-1,nan,0.3688,0.3012,1
2706,1403715408.562143087,4.3031,4.3070,nan,-1,-1,-1,-1,-1,-1,nan,0.4701,0.4052,1
2707,1403715408.612143278,4.6932,4.6824,nan,-1,-1,-1,-1,-1,-1,nan,0.5772,0.5150,1
2708,1403715408.662142992,15.9837,15.9672,nan,-1,-1,-1,-1,-1,-1,nan,11.8345,11.7718,1
2709,1403715408.712143183,4.1322,4.1364,nan,-1,-1,-1,-1,-1,-1,nan,0.3887,0.3260,1
2710,1403715408.762143135,4.3385,4.3359,nan,-1,-1,-1,-1,-1,-1,nan,0.5175,0.4485,1
2711,1403715408.812143087,4.3903,4.3854,nan,-1,-1,-1,-1,-1,-1,nan,0.6164,0.5527,1
2712,1403715408.862143040,15.7492,15.7472,nan,-1,-1,-1,-1,-1,-1,nan,11.9721,11.9170,1
2713,1403715408.912143230,4.0135,4.0174,nan,-1,-1,-1,-1,-1,-1,nan,0.3681,0.3075,1
2714,1403715408.962142944,3.9715,3.9753,nan,-1,-1,-1,-1,-1,-1,nan,0.4635,0.4052,1
2715,1403715409.012143135,4.1830,4.1561,nan,-1,-1,-1,-1,-1,-1,nan,0.5699,0.5130,1
2716,1403715409.062143087,15.2391,15.2431,nan,-1,-1,-1,-1,-1,-1,nan,11.7291,11.6730,1
2717,1403715409.112143278,3.8488,3.8458,nan,-1,-1,-1,-1,-1,-1,nan,0.2923,0.2390,1
2718,1403715409.162142992,3.8101,3.8107,nan,-1,-1,-1,-1,-1,-1,nan,0.3784,0.3243,1
2719,1403715409.212143183,3.9189,3.9229,nan,-1,-1,-1,-1,-1,-1,nan,0.4840,0.4357,1
2720,1403715409.262143135,14.8970,14.9008,nan,-1,-1,-1,-1,-1,-1,nan,11.3606,11.3062,1
2721,1403715409.312143087,3.8013,3.8046,nan,-1,-1,-1,-1,-1,-1,nan,0.3095,0.2560,1
2722,1403715409.362143040,3.9073,3.9109,nan,-1,-1,-1,-1,-1,-1,nan,0.4107,0.3587,1
2723,1403715409.412143230,3.9817,3.9758,nan,-1,-1,-1,-1,-1,-1,nan,0.5181,0.4642,1
2724,1403715409.462142944,38.4928,38.4963,nan,-1,-1,-1,-1,-1,-1,nan,35.0641,35.0129,1
2725,1403715409.512143135,3.7662,3.7704,nan,-1,-1,-1,-1,-1,-1,nan,0.2972,0.2451,1
2726,1403715409.562143087,4.0194,3.9953,nan,-1,-1,-1,-1,-1,-1,nan,0.4090,0.3565,1
2727,1403715409.612143278,4.0312,4.0323,nan,-1,-1,-1,-1,-1,-1,nan,0.5227,0.4687,1
2728,1403715409.662142992,14.4889,14.4852,nan,-1,-1,-1,-1,-1,-1,nan,11.0462,10.9911,1
2729,1403715409.712143183,3.7728,3.7766,nan,-1,-1,-1,-1,-1,-1,nan,0.3338,0.2788,1
2730,1403715409.762143135,4.2605,4.2248,nan,-1,-1,-1,-1,-1,-1,nan,0.4535,0.3989,1
2731,1403715409.812143087,4.1011,4.1050,nan,-1,-1,-1,-1,-1,-1,nan,0.6373,0.5796,1
2732,1403715409.862143040,14.7268,14.7185,nan,-1,-1,-1,-1,-1,-1,nan,11.0853,11.0288,1
2733,1403715409.912143230,3.9563,3.9483,nan,-1,-1,-1,-1,-1,-1,nan,0.3430,0.2838,1
2734,1403715409.962142944,3.9453,3.9463,nan,-1,-1,-1,-1,-1,-1,nan,0.4617,0.4057,1
2735,1403715410.012143135,4.1190,4.1188,nan,-1,-1,-1,-1,-1,-1,nan,0.6595,0.6021,1
2736,1403715410.062143087,14.3782,14.3783,nan,-1,-1,-1,-1,-1,-1,nan,11.0134,10.9568,1
2737,1403715410.112143278,3.7353,3.7389,nan,-1,-1,-1,-1,-1,-1,nan,0.3548,0.2953,1
2738,1403715410.162142992,3.7301,3.7292,nan,-1,-1,-1,-1,-1,-1,nan,0.4353,0.3798,1
2739,1403715410.212143183,4.0549,4.0484,nan,-1,-1,-1,-1,-1,-1,nan,0.6476,0.5921,1
2740,1403715410.262143135,14.2744,14.2732,nan,-1,-1,-1,-1,-1,-1,nan,10.9758,10.9164,1
2741,1403715410.312143087,3.7027,3.7005,nan,-1,-1,-1,-1,-1,-1,nan,0.3880,0.3276,1
2742,1403715410.362143040,3.9108,3.8736,nan,-1,-1,-1,-1,-1,-1,nan,0.4945,0.4380,1
2743,1403715410.412143230,3.9653,3.9690,nan,-1,-1,-1,-1,-1,-1,nan,0.6494,0.5873,1
2744,1403715410.462142944,14.8368,14.8404,nan,-1,-1,-1,-1,-1,-1,nan,11.5298,11.4670,1
2745,1403715410.512143135,3.7856,3.7894,nan,-1,-1,-1,-1,-1,-1,nan,0.4275,0.3633,1
2746,1403715410.562143087,4.0025,4.0064,nan,-1,-1,-1,-1,-1,-1,nan,0.5578,0.4933,1
2747,1403715410.612143278,4.6673,4.6503,nan,-1,-1,-1,-1,-1,-1,nan,0.6952,0.6304,1
2748,1403715410.662142992,14.9528,14.9561,nan,-1,-1,-1,-1,-1,-1,nan,11.6379,11.5795,1
2749,1403715410.712143183,3.8408,3.8447,nan,-1,-1,-1,-1,-1,-1,nan,0.4333,0.3656,1
2750,1403715410.762143135,3.7886,3.7924,nan,-1,-1,-1,-1,-1,-1,nan,0.5620,0.4937,1
2751,1403715410.812143087,4.1215,4.1234,nan,-1,-1,-1,-1,-1,-1,nan,0.6963,0.6302,1
2752,1403715410.862143040,16.0277,16.0072,nan,-1,-1,-1,-1,-1,-1,nan,12.1191,12.0145,1
2753,1403715410.912143230,4.1112,4.1043,nan,-1,-1,-1,-1,-1,-1,nan,0.4660,0.3747,1
2754,1403715410.962142944,3.8141,3.8133,nan,-1,-1,-1,-1,-1,-1,nan,0.5630,0.4928,1
2755,1403715411.012143135,4.0269,4.0313,nan,-1,-1,-1,-1,-1,-1,nan,0.6756,0.6075,1
2756,1403715411.062143087,15.1398,15.1441,nan,-1,-1,-1,-1,-1,-1,nan,11.7937,11.7258,1
2757,1403715411.112143278,3.8688,3.8551,nan,-1,-1,-1,-1,-1,-1,nan,0.4432,0.3740,1
2758,1403715411.162142992,3.9160,3.8980,nan,-1,-1,-1,-1,-1,-1,nan,0.5490,0.4870,1
2759,1403715411.212143183,3.9463,3.9503,nan,-1,-1,-1,-1,-1,-1,nan,0.7195,0.6515,1
2760,1403715411.262143135,14.7414,14.7407,nan,-1,-1,-1,-1,-1,-1,nan,11.5344,11.4672,1
2761,1403715411.312143087,3.7349,3.7387,nan,-1,-1,-1,-1,-1,-1,nan,0.4542,0.3863,1
2762,1403715411.362143040,3.8698,3.8744,nan,-1,-1,-1,-1,-1,-1,nan,0.6179,0.5478,1
2763,1403715411.412143230,3.9207,3.9202,nan,-1,-1,-1,-1,-1,-1,nan,0.7000,0.6407,1
2764,1403715411.462142944,15.0738,15.0572,nan,-1,-1,-1,-1,-1,-1,nan,11.7906,11.7328,1
2765,1403715411.512143135,3.7371,3.7256,nan,-1,-1,-1,-1,-1,-1,nan,0.4300,0.3722,1
2766,1403715411.562143087,3.7618,3.7568,nan,-1,-1,-1,-1,-1,-1,nan,0.5595,0.5052,1
2767,1403715411.612143278,3.9097,3.9132,nan,-1,-1,-1,-1,-1,-1,nan,0.7170,0.6619,1
2768,1403715411.662142992,15.5020,15.5057,nan,-1,-1,-1,-1,-1,-1,nan,12.3082,12.2523,1
2769,1403715411.712143183,3.7923,3.7850,nan,-1,-1,-1,-1,-1,-1,nan,0.4406,0.3823,1
2770,1403715411.762143135,3.8636,3.8674,nan,-1,-1,-1,-1,-1,-1,nan,0.6570,0.5971,1
2771,1403715411.812143087,3.9887,3.9896,nan,-1,-1,-1,-1,-1,-1,nan,0.7784,0.7177,1
2772,1403715411.862143040,16.2083,16.1983,nan,-1,-1,-1,-1,-1,-1,nan,12.7068,12.6480,1
2773,1403715411.912143230,3.7125,3.7160,nan,-1,-1,-1,-1,-1,-1,nan,0.4714,0.4103,1
2774,1403715411.962142944,3.9142,3.9141,nan,-1,-1,-1,-1,-1,-1,nan,0.6590,0.5949,1
2775,1403715412.012143135,4.0628,4.0643,nan,-1,-1,-1,-1,-1,-1,nan,0.8137,0.7541,1
2776,1403715412.062143087,16.2305,16.2255,nan,-1,-1,-1,-1,-1,-1,nan,12.8010,12.7317,1
2777,1403715412.112143278,3.8466,3.8475,nan,-1,-1,-1,-1,-1,-1,nan,0.5071,0.4458,1
2778,1403715412.162142992,4.2597,4.2521,nan,-1,-1,-1,-1,-1,-1,nan,0.6810,0.6227,1
2779,1403715412.212143183,4.2515,4.2477,nan,-1,-1,-1,-1,-1,-1,nan,0.9030,0.8395,1
2780,1403715412.262143135,17.0478,17.0513,nan,-1,-1,-1,-1,-1,-1,nan,13.6892,13.6280,1
2781,1403715412.312143087,3.9266,3.9251,nan,-1,-1,-1,-1,-1,-1,nan,0.5266,0.4577,1
2782,1403715412.362143040,4.0923,4.0959,nan,-1,-1,-1,-1,-1,-1,nan,0.7982,0.7383,1
2783,1403715412.412143230,4.5208,4.5207,nan,-1,-1,-1,-1,-1,-1,nan,1.1317,1.0658,1
2784,1403715412.462142944,17.4199,17.4031,nan,-1,-1,-1,-1,-1,-1,nan,13.9740,13.9126,1
2785,1403715412.512143135,4.3609,4.3211,nan,-1,-1,-1,-1,-1,-1,nan,0.6124,0.5421,1
2786,1403715412.562143087,4.3538,4.3486,nan,-1,-1,-1,-1,-1,-1,nan,0.8920,0.8259,1
2787,1403715412.612143278,4.5423,4.5460,nan,-1,-1,-1,-1,-1,-1,nan,1.1311,1.0652,1
2788,1403715412.662142992,17.5427,17.5061,nan,-1,-1,-1,-1,-1,-1,nan,14.0562,13.9920,1
2789,1403715412.712143183,4.1031,4.0371,nan,-1,-1,-1,-1,-1,-1,nan,0.5336,0.4680,1
2790,1403715412.762143135,4.3766,4.3741,nan,-1,-1,-1,-1,-1,-1,nan,0.8904,0.8224,1
2791,1403715412.812143087,4.6579,4.6620,nan,-1,-1,-1,-1,-1,-1,nan,1.1632,1.0964,1
2792,1403715412.862143040,17.8829,17.8773,nan,-1,-1,-1,-1,-1,-1,nan,14.3028,14.2308,1
2793,1403715412.912143230,4.3672,4.3439,nan,-1,-1,-1,-1,-1,-1,nan,0.6000,0.5348,1
2794,1403715412.962142944,4.4189,4.4039,nan,-1,-1,-1,-1,-1,-1,nan,0.8932,0.8257,1
2795,1403715413.012143135,4.6432,4.6434,nan,-1,-1,-1,-1,-1,-1,nan,1.1696,1.0990,1
2796,1403715413.062143087,18.1191,18.1232,nan,-1,-1,-1,-1,-1,-1,nan,14.7125,14.6457,1
2797,1403715413.112143278,4.1693,4.1729,nan,-1,-1,-1,-1,-1,-1,nan,0.5658,0.4929,1
2798,1403715413.162142992,4.3638,4.3628,nan,-1,-1,-1,-1,-1,-1,nan,0.7681,0.7038,1
2799,1403715413.212143183,4.7317,4.7107,nan,-1,-1,-1,-1,-1,-1,nan,1.0094,0.9400,1
2800,1403715413.262143135,18.6212,18.6217,nan,-1,-1,-1,-1,-1,-1,nan,15.1264,15.0620,1
2801,1403715413.312143087,4.2079,4.1901,nan,-1,-1,-1,-1,-1,-1,nan,0.5521,0.4791,1
2802,1403715413.362143040,4.4453,4.4274,nan,-1,-1,-1,-1,-1,-1,nan,0.7560,0.6856,1
2803,1403715413.412143230,4.5655,4.5669,nan,-1,-1,-1,-1,-1,-1,nan,0.9791,0.9114,1
2804,1403715413.462142944,19.2213,19.2047,nan,-1,-1,-1,-1,-1,-1,nan,15.5553,15.4878,1
2805,1403715413.512143135,4.3570,4.3486,nan,-1,-1,-1,-1,-1,-1,nan,0.6212,0.5511,1
2806,1403715413.562143087,4.4132,4.4166,nan,-1,-1,-1,-1,-1,-1,nan,0.8710,0.8041,1
2807,1403715413.612143278,4.7438,4.7462,nan,-1,-1,-1,-1,-1,-1,nan,1.1189,1.0511,1
2808,1403715413.662142992,19.5081,19.4788,nan,-1,-1,-1,-1,-1,-1,nan,15.5777,15.5067,1
2809,1403715413.712143183,4.2908,4.2923,nan,-1,-1,-1,-1,-1,-1,nan,0.5667,0.4910,1
2810,1403715413.762143135,4.5126,4.4998,nan,-1,-1,-1,-1,-1,-1,nan,0.7088,0.6334,1
2811,1403715413.812143087,4.7576,4.6816,nan,-1,-1,-1,-1,-1,-1,nan,0.8733,0.8062,1
2812,1403715413.862143040,19.3996,19.3900,nan,-1,-1,-1,-1,-1,-1,nan,15.4447,15.3730,1
2813,1403715413.912143230,4.3504,4.3543,nan,-1,-1,-1,-1,-1,-1,nan,0.5218,0.4484,1
2814,1403715413.962142944,4.4333,4.4370,nan,-1,-1,-1,-1,-1,-1,nan,0.6865,0.6118,1
2815,1403715414.012143135,4.6113,4.6149,nan,-1,-1,-1,-1,-1,-1,nan,0.8592,0.7825,1
2816,1403715414.062143087,19.6176,19.5853,nan,-1,-1,-1,-1,-1,-1,nan,15.4927,15.4073,1
2817,1403715414.112143278,4.4451,4.4487,nan,-1,-1,-1,-1,-1,-1,nan,0.4680,0.3966,1
2818,1403715414.162142992,4.6196,4.6230,nan,-1,-1,-1,-1,-1,-1,nan,0.6509,0.5803,1
2819,1403715414.212143183,4.9667,4.9709,nan,-1,-1,-1,-1,-1,-1,nan,0.9648,0.8903,1
2820,1403715414.262143135,19.2685,19.2725,nan,-1,-1,-1,-1,-1,-1,nan,15.1875,15.1157,1
2821,1403715414.312143087,4.5646,4.5587,nan,-1,-1,-1,-1,-1,-1,nan,0.4968,0.4128,1
2822,1403715414.362143040,4.7371,4.7410,nan,-1,-1,-1,-1,-1,-1,nan,0.6985,0.6172,1
2823,1403715414.412143230,5.2245,5.2051,nan,-1,-1,-1,-1,-1,-1,nan,0.9766,0.8961,1
2824,1403715414.462142944,27.8685,27.6493,nan,-1,-1,-1,-1,-1,-1,nan,23.7752,23.6960,1
2825,1403715414.512143135,4.7297,4.6186,nan,-1,-1,-1,-1,-1,-1,nan,0.4680,0.3871,1
2826,1403715414.562143087,4.8445,4.8485,nan,-1,-1,-1,-1,-1,-1,nan,0.6792,0.5966,1
2827,1403715414.612143278,5.1416,5.0812,nan,-1,-1,-1,-1,-1,-1,nan,1.1257,1.0491,1
2828,1403715414.662142992,51.2705,50.8350,nan,-1,-1,-1,-1,-1,-1,nan,46.8022,46.7174,1
2829,1403715414.712143183,4.6161,4.5949,nan,-1,-1,-1,-1,-1,-1,nan,0.4924,0.4032,1
2830,1403715414.762143135,5.2540,5.2463,nan,-1,-1,-1,-1,-1,-1,nan,0.6460,0.5617,1
2831,1403715414.812143087,5.1587,5.1593,nan,-1,-1,-1,-1,-1,-1,nan,0.9828,0.8999,1
2832,1403715414.862143040,18.5660,18.5481,nan,-1,-1,-1,-1,-1,-1,nan,14.3184,14.2377,1
2833,1403715414.912143230,4.7760,4.7668,nan,-1,-1,-1,-1,-1,-1,nan,0.4596,0.3776,1
2834,1403715414.962142944,4.7461,4.7422,nan,-1,-1,-1,-1,-1,-1,nan,0.6099,0.5320,1
2835,1403715415.012143135,5.2421,5.2339,nan,-1,-1,-1,-1,-1,-1,nan,0.9431,0.8710,1
2836,1403715415.062143087,24.8441,24.8479,nan,-1,-1,-1,-1,-1,-1,nan,20.8147,20.7319,1
2837,1403715415.112143278,4.5444,4.5424,nan,-1,-1,-1,-1,-1,-1,nan,0.4424,0.3570,1
2838,1403715415.162142992,4.8092,4.7952,nan,-1,-1,-1,-1,-1,-1,nan,0.5947,0.5106,1
2839,1403715415.212143183,5.1343,5.1270,nan,-1,-1,-1,-1,-1,-1,nan,0.9301,0.8410,1
2840,1403715415.262143135,25.1832,25.0990,nan,-1,-1,-1,-1,-1,-1,nan,20.6148,20.5338,1
2841,1403715415.312143087,4.9634,4.9264,nan,-1,-1,-1,-1,-1,-1,nan,0.4442,0.3485,1
2842,1403715415.362143040,5.0196,5.0235,nan,-1,-1,-1,-1,-1,-1,nan,0.6615,0.5732,1
2843,1403715415.412143230,5.4881,5.4510,nan,-1,-1,-1,-1,-1,-1,nan,0.9603,0.8690,1
2844,1403715415.462142944,28.4045,28.4083,nan,-1,-1,-1,-1,-1,-1,nan,24.1683,24.0824,1
2845,1403715415.512143135,4.7946,4.7984,nan,-1,-1,-1,-1,-1,-1,nan,0.4445,0.3544,1
2846,1403715415.562143087,5.1781,5.0939,nan,-1,-1,-1,-1,-1,-1,nan,0.6850,0.5942,1
2847,1403715415.612143278,5.4016,5.4054,nan,-1,-1,-1,-1,-1,-1,nan,1.0037,0.9175,1
2848,1403715415.662142992,24.9326,24.9153,nan,-1,-1,-1,-1,-1,-1,nan,20.2713,20.1750,1
2849,1403715415.712143183,5.1425,5.1466,nan,-1,-1,-1,-1,-1,-1,nan,0.3924,0.3102,1
2850,1403715415.762143135,5.0427,5.0360,nan,-1,-1,-1,-1,-1,-1,nan,0.5583,0.4670,1
2851,1403715415.812143087,5.4633,5.4472,nan,-1,-1,-1,-1,-1,-1,nan,0.9363,0.8437,1
2852,1403715415.862143040,31.3365,31.3370,nan,-1,-1,-1,-1,-1,-1,nan,26.8167,26.7305,1
2853,1403715415.912143230,4.8660,4.8700,nan,-1,-1,-1,-1,-1,-1,nan,0.5349,0.4536,1
2854,1403715415.962142944,5.0617,5.0635,nan,-1,-1,-1,-1,-1,-1,nan,0.6817,0.6018,1
2855,1403715416.012143135,5.3398,5.3316,nan,-1,-1,-1,-1,-1,-1,nan,0.8980,0.8182,1
2856,1403715416.062143087,18.0244,18.0241,nan,-1,-1,-1,-1,-1,-1,nan,13.6808,13.6015,1
2857,1403715416.112143278,4.7740,4.7725,nan,-1,-1,-1,-1,-1,-1,nan,0.3975,0.3129,1
2858,1403715416.162142992,4.7801,4.7731,nan,-1,-1,-1,-1,-1,-1,nan,0.5331,0.4505,1
2859,1403715416.212143183,5.4516,5.4435,nan,-1,-1,-1,-1,-1,-1,nan,0.7999,0.7138,1
2860,1403715416.262143135,17.9498,17.9443,nan,-1,-1,-1,-1,-1,-1,nan,13.5533,13.4701,1
2861,1403715416.312143087,4.8093,4.8131,nan,-1,-1,-1,-1,-1,-1,nan,0.3995,0.3077,1
2862,1403715416.362143040,5.0647,5.0466,nan,-1,-1,-1,-1,-1,-1,nan,0.5487,0.4631,1
2863,1403715416.412143230,5.2793,5.2667,nan,-1,-1,-1,-1,-1,-1,nan,0.7968,0.7139,1
2864,1403715416.462142944,17.7130,17.6292,nan,-1,-1,-1,-1,-1,-1,nan,13.3145,13.2264,1
2865,1403715416.512143135,4.7326,4.7365,nan,-1,-1,-1,-1,-1,-1,nan,0.4147,0.3283,1
2866,1403715416.562143087,5.0987,5.0699,nan,-1,-1,-1,-1,-1,-1,nan,0.5825,0.4945,1
2867,1403715416.612143278,5.2342,5.2208,nan,-1,-1,-1,-1,-1,-1,nan,0.8437,0.7604,1
2868,1403715416.662142992,24.5933,24.5639,nan,-1,-1,-1,-1,-1,-1,nan,20.1699,20.0817,1
2869,1403715416.712143183,4.9392,4.8812,nan,-1,-1,-1,-1,-1,-1,nan,0.4224,0.3336,1
2870,1403715416.762143135,24.0800,24.0562,nan,-1,-1,-1,-1,-1,-1,nan,19.7041,19.6137,1
2871,1403715416.812143087,27.8023,27.8060,nan,-1,-1,-1,-1,-1,-1,nan,23.5208,23.4290,1
2872,1403715416.862143040,4.8416,4.8415,nan,-1,-1,-1,-1,-1,-1,nan,0.4877,0.4003,1
2873,1403715416.912143230,4.9349,4.9386,nan,-1,-1,-1,-1,-1,-1,nan,0.7213,0.6408,1
2874,1403715416.962142944,5.4714,5.4647,nan,-1,-1,-1,-1,-1,-1,nan,1.1495,1.0684,1
2875,1403715417.012143135,17.0717,17.0756,nan,-1,-1,-1,-1,-1,-1,nan,12.7060,12.6116,1
2876,1403715417.062143087,4.9096,4.9134,nan,-1,-1,-1,-1,-1,-1,nan,0.5797,0.4879,1
2877,1403715417.112143278,30.8053,30.8091,nan,-1,-1,-1,-1,-1,-1,nan,26.5581,26.4792,1
2878,1403715417.162142992,5.0525,5.0485,nan,-1,-1,-1,-1,-1,-1,nan,0.6832,0.6005,1
2879,1403715417.212143183,5.6488,5.6129,nan,-1,-1,-1,-1,-1,-1,nan,1.2173,1.1376,1
2880,1403715417.262143135,5.6925,5.6967,nan,-1,-1,-1,-1,-1,-1,nan,1.3874,1.3052,1
2881,1403715417.312143087,5.4230,5.4153,nan,-1,-1,-1,-1,-1,-1,nan,1.0519,0.9724,1
2882,1403715417.362143040,5.8235,5.7513,nan,-1,-1,-1,-1,-1,-1,nan,1.1871,1.1020,1
2883,1403715417.412143230,5.5945,5.5985,nan,-1,-1,-1,-1,-1,-1,nan,1.2404,1.1615,1
2884,1403715417.462142944,6.3782,6.3299,nan,-1,-1,-1,-1,-1,-1,nan,1.7244,1.6356,1
2885,1403715417.512143135,6.3968,6.3522,nan,-1,-1,-1,-1,-1,-1,nan,1.8327,1.7466,1
2886,1403715417.562143087,5.8754,5.8692,nan,-1,-1,-1,-1,-1,-1,nan,1.3433,1.2581,1
2887,1403715417.612143278,5.8183,5.7927,nan,-1,-1,-1,-1,-1,-1,nan,1.2730,1.1846,1
2888,1403715417.662142992,5.4717,5.4752,nan,-1,-1,-1,-1,-1,-1,nan,1.1638,1.0896,1
2889,1403715417.712143183,5.6372,5.6411,nan,-1,-1,-1,-1,-1,-1,nan,1.2892,1.2097,1
2890,1403715417.762143135,5.7538,5.7553,nan,-1,-1,-1,-1,-1,-1,nan,1.3672,1.2873,1
2891,1403715417.812143087,6.4393,6.3809,nan,-1,-1,-1,-1,-1,-1,nan,1.9116,1.8305,1
2892,1403715417.862143040,6.0542,6.0478,nan,-1,-1,-1,-1,-1,-1,nan,1.5332,1.4523,1
2893,1403715417.912143230,5.6932,5.6936,nan,-1,-1,-1,-1,-1,-1,nan,1.3740,1.2966,1
2894,1403715417.962142944,5.8437,5.8377,nan,-1,-1,-1,-1,-1,-1,nan,1.4632,1.3846,1
2895,1403715418.012143135,5.9690,5.9670,nan,-1,-1,-1,-1,-1,-1,nan,1.6396,1.5612,1
2896,1403715418.062143087,6.1848,6.1827,nan,-1,-1,-1,-1,-1,-1,nan,1.8615,1.7760,1
2897,1403715418.112143278,6.3087,6.3029,nan,-1,-1,-1,-1,-1,-1,nan,1.9290,1.8446,1
2898,1403715418.162142992,5.8989,5.9027,nan,-1,-1,-1,-1,-1,-1,nan,1.5912,1.5075,1
2899,1403715418.212143183,6.0923,6.0311,nan,-1,-1,-1,-1,-1,-1,nan,1.5258,1.4452,1
2900,1403715418.262143135,6.0936,6.0905,nan,-1,-1,-1,-1,-1,-1,nan,1.7565,1.6798,1
2901,1403715418.312143087,6.2533,6.2567,nan,-1,-1,-1,-1,-1,-1,nan,1.9601,1.8826,1
2902,1403715418.362143040,6.2202,6.2086,nan,-1,-1,-1,-1,-1,-1,nan,1.7663,1.6841,1
2903,1403715418.412143230,6.2587,6.2595,nan,-1,-1,-1,-1,-1,-1,nan,1.9561,1.8773,1
2904,1403715418.462142944,6.0249,6.0210,nan,-1,-1,-1,-1,-1,-1,nan,1.6852,1.6068,1
2905,1403715418.512143135,6.1035,6.1072,nan,-1,-1,-1,-1,-1,-1,nan,1.6914,1.6108,1
2906,1403715418.562143087,6.3701,6.3473,nan,-1,-1,-1,-1,-1,-1,nan,1.7694,1.6930,1
2907,1403715418.612143278,6.3904,6.3863,nan,-1,-1,-1,-1,-1,-1,nan,2.0731,1.9967,1
2908,1403715418.662142992,7.0001,6.9887,nan,-1,-1,-1,-1,-1,-1,nan,2.2340,2.1521,1
2909,1403715418.712143183,6.7460,6.7430,nan,-1,-1,-1,-1,-1,-1,nan,2.3743,2.2930,1
2910,1403715418.762143135,6.1804,6.0649,nan,-1,-1,-1,-1,-1,-1,nan,1.7405,1.6587,1
2911,1403715418.812143087,6.1127,6.0991,nan,-1,-1,-1,-1,-1,-1,nan,1.7068,1.6344,1
