frame,t,wall_ms,cpu_ms,sw_solver_ms,sw_solves,sw_iters,stop_budget,stop_time,stop_iter,stop_conv,init_solver_ms,bk_work_ms,bk_track_ms,bk_track_n
0,1403715886.584058285,4.2675,3.9114,0.0000,0,0,0,0,0,0,0.0000,0.0006,0.0000,0
1,1403715886.634057999,3.7220,3.6828,0.0000,0,0,0,0,0,0,0.0000,0.0003,0.0000,0
2,1403715886.684058189,3.2888,3.2878,0.0000,0,0,0,0,0,0,0.0000,0.0004,0.0000,0
3,1403715886.734058142,3.4137,3.3956,0.0000,0,0,0,0,0,0,0.0000,0.0003,0.0000,0
4,1403715886.784058094,3.5871,3.5650,0.0000,0,0,0,0,0,0,0.0000,0.0006,0.0000,0
5,1403715886.834058046,3.5349,3.4985,0.0000,0,0,0,0,0,0,0.0000,0.0003,0.0000,0
6,1403715886.884058237,3.8571,3.7238,0.0000,0,0,0,0,0,0,0.0000,0.0002,0.0000,0
7,1403715886.934058189,3.4845,3.4482,0.0000,0,0,0,0,0,0,0.0000,0.0004,0.0000,0
8,1403715886.984058142,3.3539,3.3462,0.0000,0,0,0,0,0,0,0.0000,0.0004,0.0000,0
9,1403715887.034058094,3.3244,3.3281,0.0000,0,0,0,0,0,0,0.0000,0.0003,0.0000,0
10,1403715887.084058285,3.2467,3.2500,0.0000,0,0,0,0,0,0,0.0000,0.0002,0.0000,0
11,1403715887.134057999,3.4522,3.4420,0.0000,0,0,0,0,0,0,0.0000,0.0003,0.0000,0
12,1403715887.184058189,3.3789,3.3649,0.0000,0,0,0,0,0,0,0.0000,0.0003,0.0000,0
13,1403715887.234058142,3.3613,3.3578,0.0000,0,0,0,0,0,0,0.0000,0.0003,0.0000,0
14,1403715887.284058094,3.7031,3.6705,0.0000,0,0,0,0,0,0,0.0000,0.0003,0.0000,0
15,1403715887.334058046,3.5455,3.4809,0.0000,0,0,0,0,0,0,0.0000,0.0005,0.0000,0
16,1403715887.384058237,3.3564,3.3527,0.0000,0,0,0,0,0,0,0.0000,0.0004,0.0000,0
17,1403715887.434058189,3.2829,3.2853,0.0000,0,0,0,0,0,0,0.0000,0.0003,0.0000,0
18,1403715887.484058142,3.2972,3.3006,0.0000,0,0,0,0,0,0,0.0000,0.0002,0.0000,0
19,1403715887.534058094,3.2863,3.2900,0.0000,0,0,0,0,0,0,0.0000,0.0002,0.0000,0
20,1403715887.584058285,3.4890,3.4780,0.0000,0,0,0,0,0,0,0.0000,0.0003,0.0000,0
21,1403715887.634057999,3.3400,3.3437,0.0000,0,0,0,0,0,0,0.0000,0.0001,0.0000,0
22,1403715887.684058189,3.4070,3.3941,0.0000,0,0,0,0,0,0,0.0000,0.0002,0.0000,0
23,1403715887.734058142,3.3649,3.3571,0.0000,0,0,0,0,0,0,0.0000,0.0002,0.0000,0
24,1403715887.784058094,3.4664,3.4366,0.0000,0,0,0,0,0,0,0.0000,0.0003,0.0000,0
25,1403715887.834058046,3.4036,3.4027,0.0000,0,0,0,0,0,0,0.0000,0.0002,0.0000,0
26,1403715887.884058237,3.5321,3.5248,0.0000,0,0,0,0,0,0,0.0000,0.0003,0.0000,0
27,1403715887.934058189,3.4192,3.4166,0.0000,0,0,0,0,0,0,0.0000,0.0002,0.0000,0
28,1403715887.984058142,3.2302,3.2357,0.0000,0,0,0,0,0,0,0.0000,0.0003,0.0000,0
29,1403715888.034058094,3.5781,3.5515,0.0000,0,0,0,0,0,0,0.0000,0.0003,0.0000,0
30,1403715888.084058285,3.3008,3.3043,0.0000,0,0,0,0,0,0,0.0000,0.0003,0.0000,0
31,1403715888.134057999,3.7390,3.7154,0.0000,0,0,0,0,0,0,0.0000,0.0005,0.0000,0
32,1403715888.184058189,3.7649,3.7001,0.0000,0,0,0,0,0,0,0.0000,0.0005,0.0000,0
33,1403715888.234058142,3.4755,3.4790,0.0000,0,0,0,0,0,0,0.0000,0.0005,0.0000,0
34,1403715888.284058094,3.4010,3.4012,0.0000,0,0,0,0,0,0,0.0000,0.0005,0.0000,0
35,1403715888.334058046,3.9850,3.9585,0.0000,0,0,0,0,0,0,0.0000,0.3725,0.0000,0
36,1403715888.384058237,4.1288,4.1186,0.0000,0,0,0,0,0,0,0.0000,0.4306,0.0000,0
37,1403715888.434058189,3.9060,3.9049,0.0000,0,0,0,0,0,0,0.0000,0.4351,0.0000,0
38,1403715888.484058142,3.9838,3.9572,0.0000,0,0,0,0,0,0,0.0000,0.4347,0.0000,0
39,1403715888.534058094,4.1252,4.1240,0.0000,0,0,0,0,0,0,0.0000,0.4397,0.0000,0
40,1403715888.584058285,3.9908,3.9831,0.0000,0,0,0,0,0,0,0.0000,0.4588,0.0000,0
41,1403715888.634057999,3.9902,3.9392,0.0000,0,0,0,0,0,0,0.0000,0.4477,0.0000,0
42,1403715888.684058189,3.9267,3.9253,0.0000,0,0,0,0,0,0,0.0000,0.4530,0.0000,0
43,1403715888.734058142,4.0696,4.0246,0.0000,0,0,0,0,0,0,0.0000,0.4840,0.0000,0
44,1403715888.784058094,4.0116,4.0044,0.0000,0,0,0,0,0,0,0.0000,0.4588,0.0000,0
45,1403715888.834058046,3.9796,3.9724,0.0000,0,0,0,0,0,0,0.0000,0.4900,0.0000,0
46,1403715888.884058237,4.4045,4.3867,0.0000,0,0,0,0,0,0,0.0000,0.4917,0.0000,0
47,1403715888.934058189,4.2238,4.1408,0.0000,0,0,0,0,0,0,0.0000,0.4892,0.0000,0
48,1403715888.984058142,4.7740,4.7543,0.0000,0,0,0,0,0,0,0.0000,0.5034,0.0000,0
49,1403715889.034058094,4.0043,3.9398,0.0000,0,0,0,0,0,0,0.0000,0.5063,0.0000,0
50,1403715889.084058285,3.9222,3.9219,0.0000,0,0,0,0,0,0,0.0000,0.4915,0.0000,0
51,1403715889.134057999,4.1668,4.1595,0.0000,0,0,0,0,0,0,0.0000,0.4820,0.0000,0
52,1403715889.184058189,4.0597,4.0424,0.0000,0,0,0,0,0,0,0.0000,0.4805,0.0000,0
53,1403715889.234058142,4.0623,4.0621,0.0000,0,0,0,0,0,0,0.0000,0.4886,0.0000,0
54,1403715889.284058094,3.8992,3.9025,0.0000,0,0,0,0,0,0,0.0000,0.4832,0.0000,0
55,1403715889.334058046,4.0155,3.9992,0.0000,0,0,0,0,0,0,0.0000,0.5140,0.0000,0
56,1403715889.384058237,4.1025,4.0995,0.0000,0,0,0,0,0,0,0.0000,0.5125,0.0000,0
57,1403715889.434058189,3.9804,3.9695,0.0000,0,0,0,0,0,0,0.0000,0.4802,0.0000,0
58,1403715889.484058142,3.8058,3.8096,0.0000,0,0,0,0,0,0,0.0000,0.5002,0.0000,0
59,1403715889.534058094,3.9231,3.9269,0.0000,0,0,0,0,0,0,0.0000,0.4861,0.0000,0
60,1403715889.584058285,4.0305,4.0175,0.0000,0,0,0,0,0,0,0.0000,0.4908,0.0000,0
61,1403715889.634057999,3.8800,3.8838,0.0000,0,0,0,0,0,0,0.0000,0.4913,0.0000,0
62,1403715889.684058189,4.2632,4.2450,0.0000,0,0,0,0,0,0,0.0000,0.5211,0.0000,0
63,1403715889.734058142,4.8248,4.7263,0.0000,0,0,0,0,0,0,0.0000,0.5437,0.0000,0
64,1403715889.784058094,4.5587,4.3805,0.0000,0,0,0,0,0,0,0.0000,0.5581,0.0000,0
65,1403715889.834058046,4.6445,4.6103,0.0000,0,0,0,0,0,0,0.0000,0.5323,0.0000,0
66,1403715889.884058237,4.5470,4.4319,0.0000,0,0,0,0,0,0,0.0000,0.5201,0.0000,0
67,1403715889.934058189,4.1798,4.1835,0.0000,0,0,0,0,0,0,0.0000,0.5418,0.0000,0
68,1403715889.984058142,4.3203,4.3113,0.0000,0,0,0,0,0,0,0.0000,0.5352,0.0000,0
69,1403715890.034058094,4.1132,4.1080,0.0000,0,0,0,0,0,0,0.0000,0.5394,0.0000,0
70,1403715890.084058285,4.5486,4.5486,0.0000,0,0,0,0,0,0,0.0000,0.5285,0.0000,0
71,1403715890.134057999,4.0793,4.0830,0.0000,0,0,0,0,0,0,0.0000,0.5184,0.0000,0
72,1403715890.184058189,4.3172,4.3143,0.0000,0,0,0,0,0,0,0.0000,0.5611,0.0000,0
73,1403715890.234058142,4.2505,4.2485,0.0000,0,0,0,0,0,0,0.0000,0.5290,0.0000,0
74,1403715890.284058094,4.0555,4.0523,0.0000,0,0,0,0,0,0,0.0000,0.5710,0.0000,0
75,1403715890.334058046,4.2418,4.2338,0.0000,0,0,0,0,0,0,0.0000,0.5434,0.0000,0
76,1403715890.384058237,4.2663,4.2662,0.0000,0,0,0,0,0,0,0.0000,0.5444,0.0000,0
77,1403715890.434058189,4.3130,4.3097,0.0000,0,0,0,0,0,0,0.0000,0.5454,0.0000,0
78,1403715890.484058142,4.2513,4.2349,0.0000,0,0,0,0,0,0,0.0000,0.5443,0.0000,0
79,1403715890.534058094,4.1358,4.1222,0.0000,0,0,0,0,0,0,0.0000,0.5078,0.0000,0
80,1403715890.584058285,3.8748,3.8783,0.0000,0,0,0,0,0,0,0.0000,0.5179,0.0000,0
81,1403715890.634057999,4.1187,4.1141,0.0000,0,0,0,0,0,0,0.0000,0.5028,0.0000,0
82,1403715890.684058189,4.5555,4.3205,0.0000,0,0,0,0,0,0,0.0000,0.5147,0.0000,0
83,1403715890.734058142,4.3499,4.3042,0.0000,0,0,0,0,0,0,0.0000,0.5376,0.0000,0
84,1403715890.784058094,4.2555,4.2471,0.0000,0,0,0,0,0,0,0.0000,0.5606,0.0000,0
85,1403715890.834058046,4.2015,4.1629,0.0000,0,0,0,0,0,0,0.0000,0.5365,0.0000,0
86,1403715890.884058237,4.3035,4.2548,0.0000,0,0,0,0,0,0,0.0000,0.5023,0.0000,0
87,1403715890.934058189,4.4043,4.3669,0.0000,0,0,0,0,0,0,0.0000,0.5260,0.0000,0
88,1403715890.984058142,4.1683,4.1569,0.0000,0,0,0,0,0,0,0.0000,0.5219,0.0000,0
89,1403715891.034058094,3.9932,3.9854,0.0000,0,0,0,0,0,0,0.0000,0.5064,0.0000,0
90,1403715891.084058285,4.2278,4.0966,0.0000,0,0,0,0,0,0,0.0000,0.5422,0.0000,0
91,1403715891.134057999,4.3870,4.3623,0.0000,0,0,0,0,0,0,0.0000,0.5146,0.0000,0
92,1403715891.184058189,3.9689,3.9688,0.0000,0,0,0,0,0,0,0.0000,0.5115,0.0000,0
93,1403715891.234058142,3.9037,3.9058,0.0000,0,0,0,0,0,0,0.0000,0.5122,0.0000,0
94,1403715891.284058094,3.9443,3.9393,0.0000,0,0,0,0,0,0,0.0000,0.5081,0.0000,0
95,1403715891.334058046,3.9297,3.9332,0.0000,0,0,0,0,0,0,0.0000,0.5108,0.0000,0
96,1403715891.384058237,3.9825,3.9860,0.0000,0,0,0,0,0,0,0.0000,0.5299,0.0000,0
97,1403715891.434058189,4.0557,4.0512,0.0000,0,0,0,0,0,0,0.0000,0.5258,0.0000,0
98,1403715891.484058142,3.9730,3.9732,0.0000,0,0,0,0,0,0,0.0000,0.5116,0.0000,0
99,1403715891.534058094,3.9154,3.9188,0.0000,0,0,0,0,0,0,0.0000,0.5190,0.0000,0
100,1403715891.584058285,4.4388,4.4072,0.0000,0,0,0,0,0,0,0.0000,0.5296,0.0000,0
101,1403715891.634057999,4.0488,4.0487,0.0000,0,0,0,0,0,0,0.0000,0.5543,0.0000,0
102,1403715891.684058189,4.0423,4.0338,0.0000,0,0,0,0,0,0,0.0000,0.5352,0.0000,0
103,1403715891.734058142,4.0146,4.0089,0.0000,0,0,0,0,0,0,0.0000,0.5309,0.0000,0
104,1403715891.784058094,4.1754,4.1397,0.0000,0,0,0,0,0,0,0.0000,0.5200,0.0000,0
105,1403715891.834058046,4.2320,4.2111,0.0000,0,0,0,0,0,0,0.0000,0.5465,0.0000,0
106,1403715891.884058237,4.0571,4.0589,0.0000,0,0,0,0,0,0,0.0000,0.5285,0.0000,0
107,1403715891.934058189,4.2207,4.0574,0.0000,0,0,0,0,0,0,0.0000,0.5263,0.0000,0
108,1403715891.984058142,4.1160,4.1110,0.0000,0,0,0,0,0,0,0.0000,0.5153,0.0000,0
109,1403715892.034058094,4.1428,4.1256,0.0000,0,0,0,0,0,0,0.0000,0.5316,0.0000,0
110,1403715892.084058285,4.0897,4.0894,0.0000,0,0,0,0,0,0,0.0000,0.5256,0.0000,0
111,1403715892.134057999,4.0436,4.0417,0.0000,0,0,0,0,0,0,0.0000,0.5336,0.0000,0
112,1403715892.184058189,4.1435,4.1348,0.0000,0,0,0,0,0,0,0.0000,0.5602,0.0000,0
113,1403715892.234058142,4.7178,4.6285,0.0000,0,0,0,0,0,0,0.0000,0.5603,0.0000,0
114,1403715892.284058094,4.7705,4.7109,0.0000,0,0,0,0,0,0,0.0000,0.5876,0.0000,0
115,1403715892.334058046,4.5240,4.5012,0.0000,0,0,0,0,0,0,0.0000,0.5814,0.0000,0
116,1403715892.384058237,4.4159,4.4156,0.0000,0,0,0,0,0,0,0.0000,0.5955,0.0000,0
117,1403715892.434058189,4.7182,4.5647,0.0000,0,0,0,0,0,0,0.0000,0.5570,0.0000,0
118,1403715892.484058142,4.4161,4.3800,0.0000,0,0,0,0,0,0,0.0000,0.5493,0.0000,0
119,1403715892.534058094,4.3876,4.3327,0.0000,0,0,0,0,0,0,0.0000,0.5369,0.0000,0
120,1403715892.584058285,4.3364,4.2984,0.0000,0,0,0,0,0,0,0.0000,0.5157,0.0000,0
121,1403715892.634057999,4.2488,4.2288,0.0000,0,0,0,0,0,0,0.0000,0.5598,0.0000,0
122,1403715892.684058189,4.1138,4.1118,0.0000,0,0,0,0,0,0,0.0000,0.5272,0.0000,0
123,1403715892.734058142,3.9713,3.9748,0.0000,0,0,0,0,0,0,0.0000,0.5305,0.0000,0
124,1403715892.784058094,4.0533,4.0580,0.0000,0,0,0,0,0,0,0.0000,0.5275,0.0000,0
125,1403715892.834058046,4.1155,4.0963,0.0000,0,0,0,0,0,0,0.0000,0.5384,0.0000,0
126,1403715892.884058237,3.9517,3.9553,0.0000,0,0,0,0,0,0,0.0000,0.5437,0.0000,0
127,1403715892.934058189,3.9961,3.9998,0.0000,0,0,0,0,0,0,0.0000,0.5408,0.0000,0
128,1403715892.984058142,4.1495,4.1388,0.0000,0,0,0,0,0,0,0.0000,0.5330,0.0000,0
129,1403715893.034058094,4.1223,4.1053,0.0000,0,0,0,0,0,0,0.0000,0.5401,0.0000,0
130,1403715893.084058285,4.0471,4.0485,0.0000,0,0,0,0,0,0,0.0000,0.5434,0.0000,0
131,1403715893.134057999,4.3161,4.2568,0.0000,0,0,0,0,0,0,0.0000,0.5423,0.0000,0
132,1403715893.184058189,4.0044,4.0054,0.0000,0,0,0,0,0,0,0.0000,0.5483,0.0000,0
133,1403715893.234058142,4.0959,4.0626,0.0000,0,0,0,0,0,0,0.0000,0.5255,0.0000,0
134,1403715893.284058094,4.2433,4.2296,0.0000,0,0,0,0,0,0,0.0000,0.5367,0.0000,0
135,1403715893.334058046,4.2280,4.2093,0.0000,0,0,0,0,0,0,0.0000,0.5397,0.0000,0
136,1403715893.384058237,4.0363,4.0208,0.0000,0,0,0,0,0,0,0.0000,0.5475,0.0000,0
137,1403715893.434058189,4.0688,4.0722,0.0000,0,0,0,0,0,0,0.0000,0.5373,0.0000,0
138,1403715893.484058142,18.5765,18.5600,0.0000,0,0,0,0,0,0,10.9172,14.9507,0.0000,0
139,1403715893.534058094,6.0319,6.0353,0.0000,0,0,0,0,0,0,0.0000,2.4024,0.0000,0
140,1403715893.584058285,36.4823,36.4445,0.0000,0,0,0,0,0,0,27.6370,32.7126,0.0000,0
141,1403715893.634057999,5.1037,5.1010,0.4029,2,3,0,0,0,2,0.0000,0.6208,0.5515,1
142,1403715893.684058189,4.7828,4.7390,0.8800,2,6,0,0,0,2,0.0000,1.1522,1.0879,1
143,1403715893.734058142,4.9230,4.9269,1.0953,2,5,0,0,0,2,0.0000,1.4366,1.3718,1
144,1403715893.784058094,17.1766,17.1543,12.2044,2,7,1,0,0,1,0.0000,13.3996,13.3260,1
145,1403715893.834058046,4.3025,4.3063,0.6001,2,5,0,0,0,2,0.0000,0.8486,0.7715,1
146,1403715893.884058237,4.8407,4.8305,1.0209,2,6,0,0,0,2,0.0000,1.3430,1.2685,1
147,1403715893.934058189,5.3591,5.3519,1.2150,2,5,0,0,0,2,0.0000,1.6036,1.5326,1
148,1403715893.984058142,15.5356,15.5230,10.7641,2,12,1,0,0,1,0.0000,11.9861,11.9164,1
149,1403715894.034058094,4.5046,4.4458,0.5021,2,4,0,0,0,2,0.0000,0.7434,0.6699,1
150,1403715894.084058285,4.5213,4.5116,0.6969,2,4,0,0,0,2,0.0000,0.9974,0.9301,1
151,1403715894.134057999,4.6753,4.6743,0.9010,2,4,0,0,0,2,0.0000,1.2643,1.2001,1
152,1403715894.184058189,17.6513,17.6421,10.6761,2,9,1,0,0,1,0.0000,14.0373,13.9683,1
153,1403715894.234058142,4.1293,4.1308,0.4678,2,4,0,0,0,2,0.0000,0.6905,0.6303,1
154,1403715894.284058094,4.3079,4.3114,0.7076,2,4,0,0,0,2,0.0000,0.9994,0.9287,1
155,1403715894.334058046,4.8094,4.8025,1.1008,2,5,0,0,0,2,0.0000,1.4414,1.3800,1
156,1403715894.384058237,21.7594,21.6939,14.2713,2,6,1,0,0,1,0.0000,18.1665,18.1076,1
157,1403715894.434058189,4.1969,4.1912,0.5078,2,5,0,0,0,2,0.0000,0.7356,0.6614,1
158,1403715894.484058142,4.3713,4.3729,0.7417,2,5,0,0,0,2,0.0000,1.0166,0.9516,1
159,1403715894.534058094,5.0498,5.0138,1.0850,2,5,0,0,0,2,0.0000,1.4407,1.3722,1
160,1403715894.584058285,27.1005,27.1003,19.9709,2,6,1,0,0,1,0.0000,23.7909,23.7236,1
161,1403715894.634057999,3.8799,3.8833,0.3173,2,3,0,0,0,2,0.0000,0.5301,0.4671,1
162,1403715894.684058189,4.3421,4.3456,0.7651,2,6,0,0,0,2,0.0000,1.0306,0.9648,1
163,1403715894.734058142,4.7300,4.7337,1.0128,2,5,0,0,0,2,0.0000,1.3438,1.2794,1
164,1403715894.784058094,21.1198,20.9726,13.4900,2,6,1,0,0,1,0.0000,17.2882,17.2277,1
165,1403715894.834058046,3.9501,3.9536,0.4439,2,5,0,0,0,2,0.0000,0.6333,0.5778,1
166,1403715894.884058237,4.2882,4.2920,0.5672,2,4,0,0,0,2,0.0000,0.8320,0.7595,1
167,1403715894.934058189,4.6265,4.6167,0.8960,2,5,0,0,0,2,0.0000,1.1872,1.1336,1
168,1403715894.984058142,19.8095,19.7016,12.7301,2,6,1,0,0,1,0.0000,16.3510,16.3024,1
169,1403715895.034058094,3.7642,3.7539,0.2639,2,4,0,0,0,2,0.0000,0.4188,0.3543,1
170,1403715895.084058285,3.8480,3.8473,0.3958,2,4,0,0,0,2,0.0000,0.5712,0.5206,1
171,1403715895.134057999,4.1022,4.0926,0.5050,2,4,0,0,0,2,0.0000,0.6951,0.6588,1
172,1403715895.184058189,18.7764,18.7800,12.0940,2,6,1,0,0,1,0.0000,15.7363,15.6814,1
173,1403715895.234058142,3.4994,3.5031,0.2820,2,4,0,0,0,2,0.0000,0.4341,0.3815,1
174,1403715895.284058094,3.8643,3.8371,0.3610,2,4,0,0,0,2,0.0000,0.5198,0.4798,1
175,1403715895.334058046,3.6367,3.6194,0.4771,2,4,0,0,0,2,0.0000,0.6855,0.6298,1
176,1403715895.384058237,18.3518,18.3266,11.4920,2,6,1,0,0,1,0.0000,15.0159,14.9627,1
177,1403715895.434058189,3.5440,3.5479,0.2089,2,4,0,0,0,2,0.0000,0.3265,0.2865,1
178,1403715895.484058142,3.3192,3.3225,0.3030,2,4,0,0,0,2,0.0000,0.4493,0.4000,1
179,1403715895.534058094,3.3998,3.4012,0.4160,2,4,0,0,0,2,0.0000,0.5880,0.5374,1
180,1403715895.584058285,17.3527,17.3415,10.9041,2,7,1,0,0,1,0.0000,14.3523,14.3160,1
181,1403715895.634057999,3.1667,3.1703,0.2019,2,4,0,0,0,2,0.0000,0.3157,0.2714,1
182,1403715895.684058189,3.4542,3.4471,0.3092,2,4,0,0,0,2,0.0000,0.4545,0.4024,1
183,1403715895.734058142,3.5332,3.5271,0.4330,2,4,0,0,0,2,0.0000,0.6006,0.5580,1
184,1403715895.784058094,17.3092,17.2705,10.9227,2,10,1,0,0,1,0.0000,14.3828,14.3373,1
185,1403715895.834058046,3.6403,3.5732,0.2601,2,4,0,0,0,2,0.0000,0.3872,0.3445,1
186,1403715895.884058237,3.4864,3.4823,0.3128,2,4,0,0,0,2,0.0000,0.4418,0.4081,1
187,1403715895.934058189,3.5569,3.5448,0.4339,2,4,0,0,0,2,0.0000,0.5989,0.5590,1
188,1403715895.984058142,16.9930,16.9724,10.6399,2,13,0,0,1,1,0.0000,13.9696,13.9359,1
189,1403715896.034058094,3.2993,3.2887,0.1948,2,4,0,0,0,2,0.0000,0.2993,0.2637,1
190,1403715896.084058285,3.4114,3.4015,0.2980,2,4,0,0,0,2,0.0000,0.4317,0.3909,1
191,1403715896.134057999,3.3834,3.3773,0.3839,2,4,0,0,0,2,0.0000,0.5290,0.4933,1
192,1403715896.184058189,16.4778,16.4248,10.0629,2,13,0,0,1,1,0.0000,13.4427,13.4017,1
193,1403715896.234058142,3.3452,3.3488,0.2260,2,4,0,0,0,2,0.0000,0.3602,0.3101,1
194,1403715896.284058094,3.4276,3.4255,0.2999,2,4,0,0,0,2,0.0000,0.4490,0.4018,1
195,1403715896.334058046,3.5450,3.5488,0.4210,2,4,0,0,0,2,0.0000,0.5980,0.5488,1
196,1403715896.384058237,16.2736,16.2637,9.9368,2,13,0,0,1,1,0.0000,13.3151,13.2660,1
197,1403715896.434058189,3.3598,3.3575,0.2413,2,4,0,0,0,2,0.0000,0.3886,0.3274,1
198,1403715896.484058142,3.4218,3.4257,0.3042,2,4,0,0,0,2,0.0000,0.4272,0.3892,1
199,1403715896.534058094,3.3081,3.2921,0.3769,2,4,0,0,0,2,0.0000,0.5186,0.4791,1
200,1403715896.584058285,14.9766,14.9667,8.9731,2,13,0,0,1,1,0.0000,12.1260,12.0863,1
201,1403715896.634057999,3.0370,3.0190,0.1709,2,4,0,0,0,2,0.0000,0.2652,0.2337,1
202,1403715896.684058189,3.0064,3.0100,0.2828,2,4,0,0,0,2,0.0000,0.4006,0.3634,1
203,1403715896.734058142,3.1322,3.1358,0.3271,2,4,0,0,0,2,0.0000,0.4483,0.4180,1
204,1403715896.784058094,14.0331,14.0343,8.3029,2,13,0,0,1,1,0.0000,11.2968,11.2683,1
205,1403715896.834058046,2.9903,2.9646,0.1562,2,4,0,0,0,2,0.0000,0.2446,0.2123,1
206,1403715896.884058237,3.0209,3.0223,0.2332,2,4,0,0,0,2,0.0000,0.3476,0.3048,1
207,1403715896.934058189,3.1868,3.1995,0.3402,2,4,0,0,0,2,0.0000,0.4651,0.4305,1
208,1403715896.984058142,13.8730,13.8644,8.1708,2,13,0,0,1,1,0.0000,11.0865,11.0512,1
209,1403715897.034058094,13.6583,13.6265,8.0569,2,13,0,0,1,1,0.0000,10.8817,10.8465,1
210,1403715897.084058285,3.0007,3.0043,0.1647,2,4,0,0,0,2,0.0000,0.2524,0.2177,1
211,1403715897.134057999,3.0817,3.0802,0.2739,2,4,0,0,0,2,0.0000,0.3822,0.3481,1
212,1403715897.184058189,3.1491,3.1494,0.3512,2,4,0,0,0,2,0.0000,0.4808,0.4435,1
213,1403715897.234058142,13.3503,13.3539,7.8180,2,13,0,0,1,1,0.0000,10.6157,10.5828,1
214,1403715897.284058094,2.9745,2.9781,0.1330,2,3,0,0,0,2,0.0000,0.2157,0.1824,1
215,1403715897.334058046,13.3053,13.3062,7.7391,2,13,0,0,1,1,0.0000,10.5380,10.5056,1
216,1403715897.384058237,3.1134,3.1066,0.1512,2,4,0,0,0,2,0.0000,0.2344,0.2039,1
217,1403715897.434058189,3.2085,3.2062,0.2522,2,4,0,0,0,2,0.0000,0.3548,0.3213,1
218,1403715897.484058142,13.2742,13.2778,7.7689,2,13,0,0,1,1,0.0000,10.5650,10.5330,1
219,1403715897.534058094,3.1070,3.0975,0.1647,2,4,0,0,0,2,0.0000,0.2493,0.2174,1
220,1403715897.584058285,3.2178,3.2213,0.2799,2,4,0,0,0,2,0.0000,0.3888,0.3547,1
221,1403715897.634057999,3.2195,3.2237,0.3209,2,4,0,0,0,2,0.0000,0.4460,0.4131,1
222,1403715897.684058189,13.3359,13.3396,7.7660,2,13,0,0,1,1,0.0000,10.5596,10.5243,1
223,1403715897.734058142,3.1209,3.1244,0.2060,2,4,0,0,0,2,0.0000,0.3084,0.2699,1
224,1403715897.784058094,3.5551,3.4900,0.2720,2,4,0,0,0,2,0.0000,0.3878,0.3507,1
225,1403715897.834058046,3.6088,3.6129,0.3550,2,4,0,0,0,2,0.0000,0.4986,0.4559,1
226,1403715897.884058237,13.9554,13.9430,7.9398,2,13,0,0,1,1,0.0000,10.7890,10.7492,1
227,1403715897.934058189,3.7093,3.6725,0.1841,2,4,0,0,0,2,0.0000,0.2821,0.2417,1
228,1403715897.984058142,3.5589,3.5374,0.2749,2,4,0,0,0,2,0.0000,0.3857,0.3519,1
229,1403715898.034058094,3.4122,3.4002,0.3300,2,4,0,0,0,2,0.0000,0.4534,0.4183,1
230,1403715898.084058285,13.4730,13.4668,7.6292,2,13,0,0,1,1,0.0000,10.3892,10.3529,1
231,1403715898.134057999,3.4040,3.4033,0.1662,2,4,0,0,0,2,0.0000,0.2542,0.2184,1
232,1403715898.184058189,3.4480,3.4483,0.2141,2,4,0,0,0,2,0.0000,0.3096,0.2777,1
233,1403715898.234058142,13.6584,13.6529,7.5901,2,13,0,0,1,1,0.0000,10.3283,10.2917,1
234,1403715898.284058094,3.3722,3.3467,0.1450,2,4,0,0,0,2,0.0000,0.2303,0.1924,1
235,1403715898.334058046,13.6288,13.6181,7.6549,2,13,0,0,1,1,0.0000,10.4450,10.4105,1
236,1403715898.384058237,3.5756,3.5734,0.1490,2,4,0,0,0,2,0.0000,0.2371,0.1987,1
237,1403715898.434058189,13.5766,13.5554,7.5428,2,13,0,0,1,1,0.0000,10.2561,10.2230,1
238,1403715898.484058142,13.5641,13.5617,7.6058,2,13,0,0,1,1,0.0000,10.3471,10.3071,1
239,1403715898.534058094,13.3896,13.3742,7.3857,2,13,0,0,1,1,0.0000,10.0985,10.0603,1
240,1403715898.584058285,3.4928,3.4928,0.1700,2,3,0,0,0,2,0.0000,0.2756,0.2333,1
241,1403715898.634057999,3.5315,3.5353,0.2961,2,4,0,0,0,2,0.0000,0.4148,0.3794,1
242,1403715898.684058189,3.9755,3.9280,0.3710,2,4,0,0,0,2,0.0000,0.5124,0.4739,1
243,1403715898.734058142,13.5562,13.5403,7.4539,2,13,0,0,1,1,0.0000,10.1243,10.0987,1
244,1403715898.784058094,14.1117,14.0602,7.7400,2,13,0,0,1,1,0.0000,10.5124,10.4641,1
245,1403715898.834058046,3.7334,3.7370,0.2038,2,4,0,0,0,2,0.0000,0.3094,0.2733,1
246,1403715898.884058237,4.0486,4.0437,0.3099,2,4,0,0,0,2,0.0000,0.4393,0.4013,1
247,1403715898.934058189,4.4086,4.2950,0.3839,2,4,0,0,0,2,0.0000,0.5290,0.4885,1
248,1403715898.984058142,14.0682,14.0479,7.6518,2,13,0,0,1,1,0.0000,10.3797,10.3396,1
249,1403715899.034058094,4.1060,4.0993,0.1900,2,4,0,0,0,2,0.0000,0.2995,0.2555,1
250,1403715899.084058285,4.6456,4.6373,0.3300,2,4,0,0,0,2,0.0000,0.4742,0.4210,1
251,1403715899.134057999,4.2377,4.2394,0.3791,2,4,0,0,0,2,0.0000,0.5360,0.4835,1
252,1403715899.184058189,14.9767,14.9506,8.0311,2,13,0,0,1,1,0.0000,10.9139,10.8588,1
253,1403715899.234058142,4.4113,4.4077,0.2098,2,4,0,0,0,2,0.0000,0.3488,0.2825,1
254,1403715899.284058094,4.5754,4.5795,0.3300,2,4,0,0,0,2,0.0000,0.4892,0.4259,1
255,1403715899.334058046,4.5336,4.5222,0.4032,2,4,0,0,0,2,0.0000,0.5717,0.5133,1
256,1403715899.384058237,14.5979,14.5927,8.0478,2,13,0,0,1,1,0.0000,10.8975,10.8440,1
257,1403715899.434058189,4.0006,4.0045,0.2191,2,4,0,0,0,2,0.0000,0.3548,0.2933,1
258,1403715899.484058142,4.3622,4.3660,0.3591,2,4,0,0,0,2,0.0000,0.5285,0.4634,1
259,1403715899.534058094,4.4926,4.4929,0.4580,2,4,0,0,0,2,0.0000,0.6506,0.5882,1
260,1403715899.584058285,14.4990,14.4985,8.1661,2,13,0,0,1,1,0.0000,10.9438,10.8822,1
261,1403715899.634057999,4.0355,4.0225,0.2670,2,4,0,0,0,2,0.0000,0.4241,0.3536,1
262,1403715899.684058189,4.1078,4.1112,0.3459,2,4,0,0,0,2,0.0000,0.5142,0.4489,1
263,1403715899.734058142,4.3236,4.3249,0.4470,2,4,0,0,0,2,0.0000,0.6342,0.5739,1
264,1403715899.784058094,14.5083,14.5036,8.0988,2,13,0,0,1,1,0.0000,10.8296,10.7722,1
265,1403715899.834058046,4.3485,4.2920,0.2370,2,4,0,0,0,2,0.0000,0.3758,0.3188,1
266,1403715899.884058237,3.9368,3.9379,0.3440,2,4,0,0,0,2,0.0000,0.5115,0.4488,1
267,1403715899.934058189,4.1370,4.1383,0.4461,2,4,0,0,0,2,0.0000,0.6313,0.5719,1
268,1403715899.984058142,13.9395,13.9431,7.8120,2,13,0,0,1,1,0.0000,10.3672,10.3097,1
269,1403715900.034058094,3.8629,3.8620,0.2179,2,4,0,0,0,2,0.0000,0.3469,0.2919,1
270,1403715900.084058285,3.9984,3.9927,0.3319,2,4,0,0,0,2,0.0000,0.4880,0.4315,1
271,1403715900.134057999,4.2216,4.2216,0.3908,2,4,0,0,0,2,0.0000,0.5671,0.5055,1
272,1403715900.184058189,14.3984,14.3272,7.9372,2,13,0,0,1,1,0.0000,10.7095,10.6531,1
273,1403715900.234058142,4.1872,4.1613,0.2072,2,4,0,0,0,2,0.0000,0.3372,0.2799,1
274,1403715900.284058094,3.9315,3.9041,0.3011,2,4,0,0,0,2,0.0000,0.4376,0.3878,1
275,1403715900.334058046,3.9954,3.9989,0.3951,2,4,0,0,0,2,0.0000,0.5575,0.5078,1
276,1403715900.384058237,13.3867,13.3848,7.2901,2,13,0,0,1,1,0.0000,10.0295,9.9783,1
277,1403715900.434058189,13.4096,13.3967,7.3059,2,13,0,0,1,1,0.0000,10.0921,10.0378,1
278,1403715900.484058142,16.7732,16.7526,9.9790,2,6,1,0,0,1,0.0000,12.7897,12.7278,1
279,1403715900.534058094,14.4199,14.3204,7.6129,2,13,0,0,1,1,0.0000,10.4680,10.4156,1
280,1403715900.584058285,16.3663,16.3373,9.8870,2,6,1,0,0,1,0.0000,12.7133,12.6555,1
281,1403715900.634057999,4.3033,4.2330,0.2158,2,4,0,0,0,2,0.0000,0.3409,0.2848,1
282,1403715900.684058189,14.0027,14.0065,7.7441,2,13,0,0,1,1,0.0000,10.6293,10.5938,1
283,1403715900.734058142,3.5420,3.5330,0.1528,2,3,0,0,0,2,0.0000,0.2539,0.2068,1
284,1403715900.784058094,14.4021,14.4025,8.2901,2,13,0,0,1,1,0.0000,11.1556,11.1205,1
285,1403715900.834058046,3.7148,3.7125,0.1581,2,3,0,0,0,2,0.0000,0.2517,0.2145,1
286,1403715900.884058237,3.5222,3.5194,0.2618,2,4,0,0,0,2,0.0000,0.3714,0.3324,1
287,1403715900.934058189,14.9449,14.8990,8.5540,2,13,0,0,1,1,0.0000,11.5378,11.4925,1
288,1403715900.984058142,4.0456,4.0113,0.1938,2,4,0,0,0,2,0.0000,0.3003,0.2567,1
289,1403715901.034058094,3.8435,3.8034,0.3099,2,4,0,0,0,2,0.0000,0.4392,0.3913,1
290,1403715901.084058285,4.1358,4.0901,0.3672,2,4,0,0,0,2,0.0000,0.5034,0.4602,1
291,1403715901.134057999,14.8225,14.8188,8.4777,2,13,0,0,1,1,0.0000,11.4585,11.4112,1
292,1403715901.184058189,3.5692,3.5483,0.1750,2,4,0,0,0,2,0.0000,0.2780,0.2329,1
293,1403715901.234058142,3.5009,3.5024,0.2470,2,4,0,0,0,2,0.0000,0.3615,0.3183,1
294,1403715901.284058094,3.6589,3.6558,0.3622,2,4,0,0,0,2,0.0000,0.4961,0.4619,1
295,1403715901.334058046,17.9365,17.9248,11.7769,2,6,1,0,0,1,0.0000,14.7257,14.6790,1
296,1403715901.384058237,3.6761,3.6562,0.2241,2,4,0,0,0,2,0.0000,0.3511,0.2987,1
297,1403715901.434058189,3.5580,3.5597,0.2601,2,4,0,0,0,2,0.0000,0.3628,0.3311,1
298,1403715901.484058142,14.5211,14.5153,8.4670,2,13,0,0,1,1,0.0000,11.3267,11.2726,1
299,1403715901.534058094,3.3677,3.3636,0.1900,2,4,0,0,0,2,0.0000,0.3043,0.2551,1
300,1403715901.584058285,13.8796,13.8834,8.1680,2,13,0,0,1,1,0.0000,10.9371,10.9081,1
301,1403715901.634057999,14.2997,14.3040,8.3592,2,13,0,0,1,1,0.0000,11.3037,11.2348,1
302,1403715901.684058189,3.5270,3.5305,0.2842,2,4,0,0,0,2,0.0000,0.4254,0.3750,1
303,1403715901.734058142,3.6235,3.6250,0.3500,2,4,0,0,0,2,0.0000,0.4982,0.4570,1
304,1403715901.784058094,3.9478,3.9463,0.4690,2,4,0,0,0,2,0.0000,0.6626,0.6052,1
305,1403715901.834058046,14.4404,14.3906,8.1739,2,13,0,0,1,1,0.0000,11.0176,10.9668,1
306,1403715901.884058237,3.5957,3.5919,0.1969,2,4,0,0,0,2,0.0000,0.3140,0.2682,1
307,1403715901.934058189,3.8974,3.8362,0.2990,2,4,0,0,0,2,0.0000,0.4414,0.3870,1
308,1403715901.984058142,3.9656,3.9485,0.4270,2,4,0,0,0,2,0.0000,0.6021,0.5486,1
309,1403715902.034058094,13.8738,13.8683,7.8237,2,13,0,0,1,1,0.0000,10.6369,10.5898,1
310,1403715902.084058285,3.6328,3.6122,0.1941,2,4,0,0,0,2,0.0000,0.3227,0.2660,1
311,1403715902.134057999,3.4346,3.4370,0.2902,2,4,0,0,0,2,0.0000,0.4211,0.3754,1
312,1403715902.184058189,3.6215,3.6168,0.3781,2,4,0,0,0,2,0.0000,0.5256,0.4812,1
313,1403715902.234058142,13.8403,13.8440,7.8359,2,13,0,0,1,1,0.0000,10.7110,10.6652,1
314,1403715902.284058094,3.4947,3.4949,0.2081,2,4,0,0,0,2,0.0000,0.3333,0.2828,1
315,1403715902.334058046,3.5996,3.5962,0.2761,2,4,0,0,0,2,0.0000,0.4012,0.3601,1
316,1403715902.384058237,3.6269,3.6241,0.3817,2,4,0,0,0,2,0.0000,0.5402,0.4893,1
317,1403715902.434058189,13.6664,13.6589,7.6959,2,13,0,0,1,1,0.0000,10.5454,10.4996,1
318,1403715902.484058142,13.6180,13.6220,7.6790,2,13,0,0,1,1,0.0000,10.4465,10.4130,1
319,1403715902.534058094,14.4252,14.3871,8.3590,2,13,0,0,1,1,0.0000,11.2783,11.2134,1
320,1403715902.584058285,3.4211,3.4174,0.2000,2,4,0,0,0,2,0.0000,0.3165,0.2717,1
321,1403715902.634057999,3.7593,3.7338,0.3119,2,4,0,0,0,2,0.0000,0.4403,0.4006,1
322,1403715902.684058189,3.9163,3.9098,0.3738,2,4,0,0,0,2,0.0000,0.5347,0.4829,1
323,1403715902.734058142,14.7667,14.7299,8.1990,2,13,0,0,1,1,0.0000,11.3186,11.2763,1
324,1403715902.784058094,3.7074,3.6775,0.1609,2,4,0,0,0,2,0.0000,0.2555,0.2160,1
325,1403715902.834058046,3.9551,3.9169,0.2670,2,4,0,0,0,2,0.0000,0.3888,0.3403,1
326,1403715902.884058237,3.6386,3.6406,0.3140,2,4,0,0,0,2,0.0000,0.4526,0.4065,1
327,1403715902.934058189,15.2740,15.2695,8.3201,2,13,0,0,1,1,0.0000,11.1120,11.0795,1
328,1403715902.984058142,18.4242,18.4017,8.7819,2,13,0,0,1,1,0.0000,14.5936,14.5442,1
329,1403715903.034058094,3.9192,3.9037,0.1841,2,3,0,0,0,2,0.0000,0.3012,0.2593,1
330,1403715903.084058285,3.8526,3.8562,0.3202,2,4,0,0,0,2,0.0000,0.4563,0.4175,1
331,1403715903.134057999,4.2441,4.2453,0.4499,2,4,0,0,0,2,0.0000,0.6333,0.5813,1
332,1403715903.184058189,14.8746,14.8782,8.3170,2,13,0,0,1,1,0.0000,11.3145,11.2669,1
333,1403715903.234058142,4.4996,4.4356,0.2441,2,4,0,0,0,2,0.0000,0.3865,0.3260,1
334,1403715903.284058094,4.7412,4.6990,0.3200,2,4,0,0,0,2,0.0000,0.4756,0.4213,1
335,1403715903.334058046,4.8169,4.8209,0.4399,2,4,0,0,0,2,0.0000,0.6237,0.5659,1
336,1403715903.384058237,16.0732,15.9908,8.4128,2,13,0,0,1,1,0.0000,11.4071,11.3467,1
337,1403715903.434058189,4.5706,4.5144,0.2439,2,4,0,0,0,2,0.0000,0.3910,0.3304,1
338,1403715903.484058142,4.3422,4.3299,0.3493,2,4,0,0,0,2,0.0000,0.5202,0.4535,1
339,1403715903.534058094,4.3404,4.3255,0.4191,2,4,0,0,0,2,0.0000,0.5927,0.5374,1
340,1403715903.584058285,15.1950,15.1863,8.3637,2,13,0,0,1,1,0.0000,11.3408,11.2822,1
341,1403715903.634057999,4.2123,4.1716,0.2420,2,4,0,0,0,2,0.0000,0.3848,0.3262,1
342,1403715903.684058189,4.1261,4.1156,0.3240,2,4,0,0,0,2,0.0000,0.4851,0.4221,1
343,1403715903.734058142,4.3712,4.3240,0.3910,2,4,0,0,0,2,0.0000,0.5582,0.5043,1
344,1403715903.784058094,14.4158,14.3993,7.9088,2,13,0,0,1,1,0.0000,10.6629,10.6187,1
345,1403715903.834058046,4.1013,4.1020,0.2029,2,4,0,0,0,2,0.0000,0.3270,0.2737,1
346,1403715903.884058237,3.9371,3.9353,0.2427,2,4,0,0,0,2,0.0000,0.3517,0.3088,1
347,1403715903.934058189,4.1324,4.1069,0.2890,2,4,0,0,0,2,0.0000,0.4033,0.3658,1
348,1403715903.984058142,13.6393,13.6358,7.6642,2,13,0,0,1,1,0.0000,10.2696,10.2408,1
349,1403715904.034058094,3.8095,3.8034,0.1609,2,4,0,0,0,2,0.0000,0.2591,0.2169,1
350,1403715904.084058285,3.5974,3.5947,0.2091,2,4,0,0,0,2,0.0000,0.3020,0.2690,1
351,1403715904.134057999,13.2492,13.2528,7.4320,2,13,0,0,1,1,0.0000,10.0032,9.9708,1
352,1403715904.184058189,3.3934,3.3718,0.1421,2,4,0,0,0,2,0.0000,0.2266,0.1915,1
353,1403715904.234058142,3.5015,3.4806,0.2129,2,4,0,0,0,2,0.0000,0.3100,0.2740,1
354,1403715904.284058094,13.1855,13.1804,7.4911,2,13,0,0,1,1,0.0000,10.0132,9.9780,1
355,1403715904.334058046,3.3821,3.3855,0.1409,2,4,0,0,0,2,0.0000,0.2247,0.1933,1
356,1403715904.384058237,3.4407,3.4441,0.2100,2,4,0,0,0,2,0.0000,0.3086,0.2751,1
357,1403715904.434058189,3.6003,3.5815,0.3002,2,4,0,0,0,2,0.0000,0.4159,0.3783,1
358,1403715904.484058142,13.1677,13.1631,7.4739,2,13,0,0,1,1,0.0000,10.0330,9.9915,1
359,1403715904.534058094,3.5016,3.5018,0.1791,2,4,0,0,0,2,0.0000,0.2865,0.2422,1
360,1403715904.584058285,4.0140,3.9284,0.2170,2,4,0,0,0,2,0.0000,0.3219,0.2852,1
361,1403715904.634057999,13.3438,13.3323,7.5610,2,13,0,0,1,1,0.0000,10.1742,10.1264,1
362,1403715904.684058189,3.5353,3.5245,0.1783,2,4,0,0,0,2,0.0000,0.2915,0.2449,1
363,1403715904.734058142,13.3684,13.3665,7.3190,2,13,0,0,1,1,0.0000,9.9039,9.8715,1
364,1403715904.784058094,19.7372,19.7317,10.9131,2,6,1,0,0,1,0.0000,16.6149,16.5712,1
365,1403715904.834058046,3.5659,3.5625,0.1788,2,4,0,0,0,2,0.0000,0.2861,0.2406,1
366,1403715904.884058237,16.8080,16.7969,10.9889,2,6,1,0,0,1,0.0000,13.6578,13.6163,1
367,1403715904.934058189,16.5685,16.5501,10.8049,2,6,1,0,0,1,0.0000,13.3438,13.2932,1
368,1403715904.984058142,3.6865,3.6737,0.1919,2,4,0,0,0,2,0.0000,0.2973,0.2509,1
369,1403715905.034058094,3.5917,3.5780,0.3040,2,4,0,0,0,2,0.0000,0.4365,0.3872,1
370,1403715905.084058285,16.7626,16.7600,11.0073,2,6,1,0,0,1,0.0000,13.6763,13.6332,1
371,1403715905.134057999,3.2743,3.2750,0.1822,2,4,0,0,0,2,0.0000,0.2830,0.2384,1
372,1403715905.184058189,12.8199,12.8214,7.2670,2,13,0,0,1,1,0.0000,9.7793,9.7531,1
373,1403715905.234058142,13.2670,13.2703,7.5369,2,13,0,0,1,1,0.0000,10.1845,10.1364,1
374,1403715905.284058094,3.3123,3.3110,0.1683,2,3,0,0,0,2,0.0000,0.2730,0.2332,1
375,1403715905.334058046,3.4481,3.4517,0.3319,2,4,0,0,0,2,0.0000,0.4549,0.4185,1
376,1403715905.384058237,3.5837,3.5520,0.4110,2,4,0,0,0,2,0.0000,0.5662,0.5249,1
377,1403715905.434058189,14.1138,14.0718,8.2967,2,13,0,0,1,1,0.0000,11.1301,11.0927,1
378,1403715905.484058142,3.8462,3.6860,0.2201,2,4,0,0,0,2,0.0000,0.3382,0.2882,1
379,1403715905.534058094,3.5218,3.5258,0.3042,2,4,0,0,0,2,0.0000,0.4387,0.3890,1
380,1403715905.584058285,3.6696,3.6042,0.4013,2,4,0,0,0,2,0.0000,0.5550,0.5075,1
381,1403715905.634057999,13.7803,13.7785,8.0142,2,13,0,0,1,1,0.0000,10.7878,10.7521,1
382,1403715905.684058189,14.0414,13.9760,8.0090,2,13,0,0,1,1,0.0000,10.7757,10.7285,1
383,1403715905.734058142,13.8841,13.8755,8.1110,2,13,0,0,1,1,0.0000,10.8043,10.7516,1
384,1403715905.784058094,13.3486,13.2836,7.7410,2,13,0,0,1,1,0.0000,10.3576,10.3195,1
385,1403715905.834058046,13.5155,13.4864,7.8261,2,13,0,0,1,1,0.0000,10.4673,10.4305,1
386,1403715905.884058237,3.2350,3.2294,0.1791,2,3,0,0,0,2,0.0000,0.2737,0.2362,1
387,1403715905.934058189,14.0767,14.0263,8.1849,2,13,0,0,1,1,0.0000,11.0236,10.9776,1
388,1403715905.984058142,3.7297,3.6783,0.1919,2,4,0,0,0,2,0.0000,0.3004,0.2531,1
389,1403715906.034058094,13.4754,13.4788,7.7531,2,13,0,0,1,1,0.0000,10.4336,10.3935,1
390,1403715906.084058285,13.2897,13.2837,7.5850,2,13,0,0,1,1,0.0000,10.1284,10.1026,1
391,1403715906.134057999,13.0153,13.0174,7.4630,2,13,0,0,1,1,0.0000,10.0747,10.0286,1
392,1403715906.184058189,3.3071,3.2913,0.1841,2,4,0,0,0,2,0.0000,0.2885,0.2462,1
393,1403715906.234058142,13.4369,13.4151,7.7250,2,13,0,0,1,1,0.0000,10.3228,10.2958,1
394,1403715906.284058094,20.5706,20.5682,12.0471,2,6,1,0,0,1,0.0000,17.5653,17.5172,1
395,1403715906.334058046,3.4548,3.4477,0.2360,2,4,0,0,0,2,0.0000,0.3541,0.3088,1
396,1403715906.384058237,3.6635,3.6533,0.2911,2,4,0,0,0,2,0.0000,0.4117,0.3767,1
397,1403715906.434058189,3.8713,3.8008,0.4117,2,4,0,0,0,2,0.0000,0.5717,0.5244,1
398,1403715906.484058142,17.6890,17.6793,11.7507,2,6,1,0,0,1,0.0000,14.4795,14.4377,1
399,1403715906.534058094,3.5605,3.5640,0.1891,2,4,0,0,0,2,0.0000,0.2961,0.2504,1
400,1403715906.584058285,3.8155,3.7293,0.2828,2,4,0,0,0,2,0.0000,0.4045,0.3615,1
401,1403715906.634057999,3.6760,3.6705,0.3278,2,4,0,0,0,2,0.0000,0.4655,0.4229,1
402,1403715906.684058189,18.3702,18.3280,12.1641,2,6,1,0,0,1,0.0000,14.9310,14.8911,1
403,1403715906.734058142,3.5040,3.5047,0.1779,2,4,0,0,0,2,0.0000,0.2815,0.2383,1
404,1403715906.784058094,3.8045,3.8022,0.2532,2,4,0,0,0,2,0.0000,0.3660,0.3229,1
405,1403715906.834058046,17.6932,17.6711,11.5390,2,6,1,0,0,1,0.0000,14.1975,14.1619,1
406,1403715906.884058237,3.3663,3.3700,0.1528,2,4,0,0,0,2,0.0000,0.2475,0.2023,1
407,1403715906.934058189,3.5788,3.5176,0.2260,2,4,0,0,0,2,0.0000,0.3308,0.2890,1
408,1403715906.984058142,17.9887,17.9443,11.6909,2,6,1,0,0,1,0.0000,14.4755,14.4305,1
409,1403715907.034058094,3.6527,3.6441,0.1950,2,4,0,0,0,2,0.0000,0.3112,0.2604,1
410,1403715907.084058285,3.6455,3.6439,0.2890,2,4,0,0,0,2,0.0000,0.4228,0.3757,1
411,1403715907.134057999,3.7268,3.7332,0.3510,2,4,0,0,0,2,0.0000,0.4886,0.4461,1
412,1403715907.184058189,14.0030,14.0028,8.1720,2,13,0,0,1,1,0.0000,10.8357,10.7939,1
413,1403715907.234058142,3.4177,3.4183,0.1998,2,4,0,0,0,2,0.0000,0.3145,0.2692,1
414,1403715907.284058094,3.5543,3.5593,0.2899,2,4,0,0,0,2,0.0000,0.4120,0.3727,1
415,1403715907.334058046,3.6922,3.6797,0.3471,2,4,0,0,0,2,0.0000,0.4818,0.4440,1
416,1403715907.384058237,14.0748,14.0784,8.2359,2,13,0,0,1,1,0.0000,10.9376,10.8973,1
417,1403715907.434058189,3.6434,3.6472,0.2019,2,4,0,0,0,2,0.0000,0.3197,0.2720,1
418,1403715907.484058142,3.7974,3.8044,0.2718,2,4,0,0,0,2,0.0000,0.4112,0.3599,1
419,1403715907.534058094,4.0860,4.0270,0.3839,2,4,0,0,0,2,0.0000,0.5378,0.4881,1
420,1403715907.584058285,17.5205,17.5244,11.5621,2,6,1,0,0,1,0.0000,14.3575,14.3107,1
421,1403715907.634057999,3.5693,3.5478,0.1900,2,4,0,0,0,2,0.0000,0.3013,0.2524,1
422,1403715907.684058189,3.5012,3.5047,0.2458,2,4,0,0,0,2,0.0000,0.3584,0.3160,1
423,1403715907.734058142,3.8832,3.8761,0.3529,2,4,0,0,0,2,0.0000,0.4920,0.4425,1
424,1403715907.784058094,13.1757,13.1791,7.5300,2,13,0,0,1,1,0.0000,10.2051,10.1627,1
425,1403715907.834058046,3.2653,3.2689,0.1690,2,4,0,0,0,2,0.0000,0.2693,0.2284,1
426,1403715907.884058237,3.3607,3.3640,0.2580,2,4,0,0,0,2,0.0000,0.3840,0.3325,1
427,1403715907.934058189,3.4239,3.4275,0.3071,2,4,0,0,0,2,0.0000,0.4341,0.3944,1
428,1403715907.984058142,12.9207,12.9243,7.4582,2,13,0,0,1,1,0.0000,10.0835,10.0431,1
429,1403715908.034058094,3.1345,3.1379,0.1700,2,4,0,0,0,2,0.0000,0.2722,0.2314,1
430,1403715908.084058285,3.2966,3.2933,0.2472,2,4,0,0,0,2,0.0000,0.3622,0.3219,1
431,1403715908.134057999,3.4097,3.4055,0.3180,2,4,0,0,0,2,0.0000,0.4474,0.4066,1
432,1403715908.184058189,12.5541,12.5549,7.1263,2,13,0,0,1,1,0.0000,9.7407,9.7038,1
433,1403715908.234058142,3.2434,3.2386,0.1831,2,4,0,0,0,2,0.0000,0.2893,0.2459,1
434,1403715908.284058094,3.4031,3.3884,0.2310,2,4,0,0,0,2,0.0000,0.3384,0.2988,1
435,1403715908.334058046,3.5067,3.4211,0.3119,2,4,0,0,0,2,0.0000,0.4301,0.3922,1
436,1403715908.384058237,12.7266,12.7197,7.1349,2,13,0,0,1,1,0.0000,9.7315,9.6925,1
437,1403715908.434058189,3.3948,3.3717,0.1569,2,4,0,0,0,2,0.0000,0.2619,0.2119,1
438,1403715908.484058142,3.4380,3.4304,0.2360,2,4,0,0,0,2,0.0000,0.3504,0.3080,1
439,1403715908.534058094,3.5050,3.5087,0.3171,2,4,0,0,0,2,0.0000,0.4520,0.4011,1
440,1403715908.584058285,12.7348,12.7383,7.0543,2,13,0,0,1,1,0.0000,9.6670,9.6257,1
441,1403715908.634057999,3.6135,3.5964,0.1760,2,4,0,0,0,2,0.0000,0.2883,0.2428,1
442,1403715908.684058189,3.4731,3.4765,0.2620,2,4,0,0,0,2,0.0000,0.3856,0.3375,1
443,1403715908.734058142,3.8196,3.7357,0.3111,2,4,0,0,0,2,0.0000,0.4382,0.3960,1
444,1403715908.784058094,16.4205,16.4242,10.2489,2,6,1,0,0,1,0.0000,12.9483,12.9054,1
445,1403715908.834058046,3.7157,3.7090,0.2120,2,4,0,0,0,2,0.0000,0.3523,0.2913,1
446,1403715908.884058237,3.8052,3.8065,0.3030,2,4,0,0,0,2,0.0000,0.4510,0.3957,1
447,1403715908.934058189,4.0952,4.0867,0.3889,2,4,0,0,0,2,0.0000,0.5465,0.4982,1
448,1403715908.984058142,16.5187,16.5177,10.4339,2,6,1,0,0,1,0.0000,13.1177,13.0735,1
449,1403715909.034058094,4.5559,4.4961,0.2248,2,4,0,0,0,2,0.0000,0.3620,0.3089,1
450,1403715909.084058285,3.9985,3.9957,0.3252,2,4,0,0,0,2,0.0000,0.4737,0.4227,1
451,1403715909.134057999,3.8995,3.8993,0.3819,2,4,0,0,0,2,0.0000,0.5419,0.4934,1
452,1403715909.184058189,16.4230,16.4211,10.5572,2,6,1,0,0,1,0.0000,13.2290,13.1747,1
453,1403715909.234058142,4.1822,4.0200,0.2370,2,4,0,0,0,2,0.0000,0.3850,0.3267,1
454,1403715909.284058094,4.0570,4.0463,0.3591,2,4,0,0,0,2,0.0000,0.5342,0.4703,1
455,1403715909.334058046,4.4806,4.4050,0.4578,2,4,0,0,0,2,0.0000,0.6622,0.5989,1
456,1403715909.384058237,17.0974,17.0460,10.5638,2,6,1,0,0,1,0.0000,13.4465,13.3875,1
457,1403715909.434058189,3.9095,3.9092,0.2398,2,4,0,0,0,2,0.0000,0.3845,0.3248,1
458,1403715909.484058142,4.1946,4.1764,0.3250,2,4,0,0,0,2,0.0000,0.4905,0.4272,1
459,1403715909.534058094,4.3611,4.3518,0.4461,2,4,0,0,0,2,0.0000,0.6339,0.5735,1
460,1403715909.584058285,13.9913,13.9777,7.4460,2,13,0,0,1,1,0.0000,10.1617,10.1039,1
461,1403715909.634057999,4.2500,4.2499,0.2358,2,4,0,0,0,2,0.0000,0.3886,0.3205,1
462,1403715909.684058189,4.4342,4.4276,0.3030,2,4,0,0,0,2,0.0000,0.4450,0.3955,1
463,1403715909.734058142,4.2763,4.2696,0.3910,2,4,0,0,0,2,0.0000,0.5560,0.5044,1
464,1403715909.784058094,14.2380,14.2386,7.5388,2,13,0,0,1,1,0.0000,10.3793,10.3260,1
465,1403715909.834058046,4.7175,4.7208,0.1869,2,4,0,0,0,2,0.0000,0.3217,0.2559,1
466,1403715909.884058237,4.6482,4.6007,0.2568,2,4,0,0,0,2,0.0000,0.3869,0.3365,1
467,1403715909.934058189,14.2334,14.2175,7.3249,2,13,0,0,1,1,0.0000,10.1022,10.0588,1
468,1403715909.984058142,14.4720,14.4650,7.4883,2,13,0,0,1,1,0.0000,10.1671,10.1247,1
469,1403715910.034058094,14.6170,14.6207,7.4608,2,13,0,0,1,1,0.0000,10.1348,10.0924,1
470,1403715910.084058285,14.6033,14.6066,7.5731,2,13,0,0,1,1,0.0000,10.2552,10.2150,1
471,1403715910.134057999,15.3723,15.3533,7.7980,2,13,0,0,1,1,0.0000,10.5566,10.5127,1
472,1403715910.184058189,14.7983,14.7965,7.8292,2,13,0,0,1,1,0.0000,10.4739,10.4271,1
473,1403715910.234058142,14.7818,14.7854,7.8650,2,13,0,0,1,1,0.0000,10.5389,10.4930,1
474,1403715910.284058094,4.6711,4.6641,0.1671,2,3,0,0,0,2,0.0000,0.2662,0.2285,1
475,1403715910.334058046,4.5427,4.5464,0.2789,2,4,0,0,0,2,0.0000,0.3908,0.3574,1
476,1403715910.384058237,17.8795,17.8833,11.1239,2,6,1,0,0,1,0.0000,13.8002,13.7657,1
477,1403715910.434058189,4.2206,4.2243,0.1769,2,4,0,0,0,2,0.0000,0.2742,0.2343,1
478,1403715910.484058142,4.1355,4.1393,0.2871,2,4,0,0,0,2,0.0000,0.4128,0.3663,1
479,1403715910.534058094,14.2746,14.2664,7.9389,2,13,0,0,1,1,0.0000,10.6217,10.5778,1
480,1403715910.584058285,14.3455,14.3437,7.6089,2,13,0,0,1,1,0.0000,10.1075,10.0726,1
481,1403715910.634057999,13.9704,13.9585,7.8361,2,13,0,0,1,1,0.0000,10.3932,10.3628,1
482,1403715910.684058189,3.6978,3.6926,0.1612,2,4,0,0,0,2,0.0000,0.2504,0.2130,1
483,1403715910.734058142,13.9634,13.9486,7.9391,2,13,0,0,1,1,0.0000,10.4630,10.4341,1
484,1403715910.784058094,3.7676,3.7710,0.1698,2,4,0,0,0,2,0.0000,0.2593,0.2219,1
485,1403715910.834058046,13.8930,13.8275,7.8320,2,13,0,0,1,1,0.0000,10.3277,10.2884,1
486,1403715910.884058237,3.8151,3.8185,0.1700,2,4,0,0,0,2,0.0000,0.2573,0.2227,1
487,1403715910.934058189,3.7670,3.7707,0.2558,2,4,0,0,0,2,0.0000,0.3593,0.3248,1
488,1403715910.984058142,14.0735,13.8994,7.7722,2,13,0,0,1,1,0.0000,10.4447,10.4090,1
489,1403715911.034058094,14.5111,14.4460,7.9300,2,13,0,0,1,1,0.0000,10.5911,10.5575,1
490,1403715911.084058285,13.9125,13.9104,7.8998,2,13,0,0,1,1,0.0000,10.5621,10.5225,1
491,1403715911.134057999,3.6470,3.6509,0.1669,2,4,0,0,0,2,0.0000,0.2590,0.2213,1
492,1403715911.184058189,13.4935,13.4805,7.5669,2,13,0,0,1,1,0.0000,10.1511,10.1160,1
493,1403715911.234058142,13.4948,13.4982,7.5400,2,13,0,0,1,1,0.0000,10.2090,10.1723,1
494,1403715911.284058094,3.5663,3.5698,0.1769,2,4,0,0,0,2,0.0000,0.2653,0.2297,1
495,1403715911.334058046,13.6830,13.6822,7.6480,2,13,0,0,1,1,0.0000,10.1973,10.1623,1
496,1403715911.384058237,13.6413,13.6019,7.5881,2,13,0,0,1,1,0.0000,10.1419,10.1089,1
497,1403715911.434058189,13.8043,13.8022,7.6649,2,13,0,0,1,1,0.0000,10.2458,10.2115,1
498,1403715911.484058142,16.7465,16.7446,10.9351,2,6,1,0,0,1,0.0000,13.4554,13.4232,1
499,1403715911.534058094,16.8744,16.8254,10.8619,2,6,1,0,0,1,0.0000,13.4174,13.3817,1
500,1403715911.584058285,3.5138,3.5125,0.1578,2,3,0,0,0,2,0.0000,0.2499,0.2115,1
501,1403715911.634057999,16.7174,16.7144,11.0500,2,6,1,0,0,1,0.0000,13.6378,13.6055,1
502,1403715911.684058189,3.5568,3.5282,0.1850,2,4,0,0,0,2,0.0000,0.2780,0.2397,1
503,1403715911.734058142,3.3503,3.3537,0.2489,2,4,0,0,0,2,0.0000,0.3504,0.3161,1
504,1403715911.784058094,13.3056,13.3049,7.7970,2,13,0,0,1,1,0.0000,10.3802,10.3508,1
505,1403715911.834058046,3.7523,3.6864,0.1841,2,4,0,0,0,2,0.0000,0.2790,0.2414,1
506,1403715911.884058237,3.5802,3.5695,0.2789,2,4,0,0,0,2,0.0000,0.3963,0.3543,1
507,1403715911.934058189,3.6377,3.6065,0.3400,2,4,0,0,0,2,0.0000,0.4619,0.4276,1
508,1403715911.984058142,13.1726,13.1717,7.7178,2,13,0,0,1,1,0.0000,10.3565,10.3257,1
509,1403715912.034058094,3.1311,3.1230,0.1640,2,4,0,0,0,2,0.0000,0.2505,0.2190,1
510,1403715912.084058285,3.3071,3.3088,0.2313,2,4,0,0,0,2,0.0000,0.3213,0.2935,1
511,1403715912.134057999,13.3543,13.3541,7.6320,2,13,0,0,1,1,0.0000,10.3174,10.2706,1
512,1403715912.184058189,3.2581,3.2617,0.1869,2,4,0,0,0,2,0.0000,0.2905,0.2476,1
513,1403715912.234058142,3.4618,3.4643,0.2811,2,4,0,0,0,2,0.0000,0.3928,0.3559,1
514,1403715912.284058094,3.5208,3.5241,0.3269,2,4,0,0,0,2,0.0000,0.4523,0.4118,1
515,1403715912.334058046,13.6047,13.5690,7.6761,2,13,0,0,1,1,0.0000,10.4735,10.4357,1
516,1403715912.384058237,3.6062,3.5880,0.1650,2,4,0,0,0,2,0.0000,0.2690,0.2232,1
517,1403715912.434058189,3.8069,3.7535,0.2639,2,4,0,0,0,2,0.0000,0.3880,0.3363,1
518,1403715912.484058142,3.8747,3.8640,0.3469,2,4,0,0,0,2,0.0000,0.4886,0.4392,1
519,1403715912.534058094,13.4852,13.4810,7.7279,2,13,0,0,1,1,0.0000,10.3972,10.3530,1
520,1403715912.584058285,3.4187,3.4135,0.1807,2,4,0,0,0,2,0.0000,0.2858,0.2395,1
521,1403715912.634057999,3.5624,3.4863,0.2558,2,4,0,0,0,2,0.0000,0.3705,0.3269,1
522,1403715912.684058189,3.3930,3.3873,0.3140,2,4,0,0,0,2,0.0000,0.4318,0.3947,1
523,1403715912.734058142,13.0883,13.0879,7.4089,2,13,0,0,1,1,0.0000,10.0128,9.9780,1
524,1403715912.784058094,3.2997,3.2958,0.1471,2,4,0,0,0,2,0.0000,0.2381,0.1988,1
525,1403715912.834058046,13.1255,13.1205,7.2839,2,13,0,0,1,1,0.0000,9.8840,9.8522,1
526,1403715912.884058237,12.4183,12.4174,7.2029,2,13,0,0,1,1,0.0000,9.7642,9.7357,1
527,1403715912.934058189,12.4462,12.4438,7.2019,2,13,0,0,1,1,0.0000,9.7874,9.7536,1
528,1403715912.984058142,12.4928,12.4865,6.9838,2,13,0,0,1,1,0.0000,9.4742,9.4416,1
529,1403715913.034058094,12.6634,12.6528,7.1018,2,13,0,0,1,1,0.0000,9.5705,9.5370,1
530,1403715913.084058285,3.5751,3.4825,0.1481,2,3,0,0,0,2,0.0000,0.2369,0.2007,1
531,1403715913.134057999,12.5237,12.5181,7.0882,2,13,0,0,1,1,0.0000,9.4784,9.4443,1
532,1403715913.184058189,16.0047,15.9781,10.4251,2,6,1,0,0,1,0.0000,12.8703,12.8271,1
533,1403715913.234058142,3.2129,3.2112,0.2000,2,4,0,0,0,2,0.0000,0.2988,0.2603,1
534,1403715913.284058094,13.2893,13.2843,7.6628,2,13,0,0,1,1,0.0000,10.3431,10.3070,1
535,1403715913.334058046,3.2081,3.2114,0.1757,2,4,0,0,0,2,0.0000,0.2648,0.2267,1
536,1403715913.384058237,12.6743,12.6786,7.3912,2,13,0,0,1,1,0.0000,9.9945,9.9621,1
537,1403715913.434058189,12.9735,12.9552,7.4658,2,13,0,0,1,1,0.0000,9.9540,9.9238,1
538,1403715913.484058142,3.0544,3.0527,0.1771,2,4,0,0,0,2,0.0000,0.2640,0.2283,1
539,1403715913.534058094,13.0043,13.0083,7.6599,2,13,0,0,1,1,0.0000,10.2848,10.2530,1
540,1403715913.584058285,3.1807,3.1749,0.2060,2,4,0,0,0,2,0.0000,0.3089,0.2694,1
541,1403715913.634057999,3.5272,3.5030,0.3159,2,4,0,0,0,2,0.0000,0.4475,0.4053,1
542,1403715913.684058189,3.9005,3.8949,0.3908,2,4,0,0,0,2,0.0000,0.5418,0.4959,1
543,1403715913.734058142,13.9521,13.9554,8.2369,2,13,0,0,1,1,0.0000,10.9322,10.8913,1
544,1403715913.784058094,3.5357,3.5339,0.2422,2,4,0,0,0,2,0.0000,0.3762,0.3246,1
545,1403715913.834058046,3.8171,3.8051,0.3529,2,4,0,0,0,2,0.0000,0.5134,0.4593,1
546,1403715913.884058237,3.7441,3.7477,0.4272,2,4,0,0,0,2,0.0000,0.5930,0.5490,1
547,1403715913.934058189,14.0696,14.0562,8.1279,2,13,0,0,1,1,0.0000,10.8864,10.8293,1
548,1403715913.984058142,3.5169,3.5171,0.2542,2,4,0,0,0,2,0.0000,0.3895,0.3391,1
549,1403715914.034058094,3.6500,3.6427,0.3459,2,4,0,0,0,2,0.0000,0.5063,0.4506,1
550,1403715914.084058285,4.1165,4.0867,0.4334,2,4,0,0,0,2,0.0000,0.6133,0.5599,1
551,1403715914.134057999,14.0660,14.0696,8.2438,2,13,0,0,1,1,0.0000,11.0718,11.0197,1
552,1403715914.184058189,3.5069,3.5103,0.2627,2,4,0,0,0,2,0.0000,0.4107,0.3574,1
553,1403715914.234058142,3.5079,3.4962,0.3350,2,4,0,0,0,2,0.0000,0.4842,0.4389,1
554,1403715914.284058094,3.5894,3.5934,0.4477,2,4,0,0,0,2,0.0000,0.6241,0.5780,1
555,1403715914.334058046,14.0098,14.0031,8.1427,2,13,0,0,1,1,0.0000,10.9220,10.8727,1
556,1403715914.384058237,3.4182,3.4113,0.2029,2,4,0,0,0,2,0.0000,0.3164,0.2733,1
557,1403715914.434058189,3.2823,3.2773,0.3159,2,4,0,0,0,2,0.0000,0.4518,0.4085,1
558,1403715914.484058142,3.3805,3.3774,0.3490,2,4,0,0,0,2,0.0000,0.4934,0.4565,1
559,1403715914.534058094,13.8599,13.8545,8.0371,2,13,0,0,1,1,0.0000,10.8645,10.8136,1
560,1403715914.584058285,3.4535,3.4572,0.2091,2,4,0,0,0,2,0.0000,0.3389,0.2841,1
561,1403715914.634057999,4.0327,4.0276,0.3099,2,4,0,0,0,2,0.0000,0.4583,0.4080,1
562,1403715914.684058189,3.7103,3.7141,0.3951,2,4,0,0,0,2,0.0000,0.5631,0.5105,1
563,1403715914.734058142,14.4523,14.4359,8.0199,2,13,0,0,1,1,0.0000,10.8718,10.8195,1
564,1403715914.784058094,3.6183,3.6129,0.2213,2,4,0,0,0,2,0.0000,0.3478,0.3008,1
565,1403715914.834058046,3.8776,3.8770,0.2921,2,4,0,0,0,2,0.0000,0.4403,0.3874,1
566,1403715914.884058237,3.6761,3.6744,0.3669,2,4,0,0,0,2,0.0000,0.5296,0.4811,1
567,1403715914.934058189,14.1493,14.1200,7.8981,2,13,0,0,1,1,0.0000,10.6273,10.5907,1
568,1403715914.984058142,3.6146,3.5998,0.1669,2,4,0,0,0,2,0.0000,0.2872,0.2275,1
569,1403715915.034058094,3.4787,3.4823,0.2530,2,4,0,0,0,2,0.0000,0.3855,0.3287,1
570,1403715915.084058285,3.6592,3.6605,0.3428,2,4,0,0,0,2,0.0000,0.4881,0.4380,1
571,1403715915.134057999,14.4594,14.4573,8.3039,2,13,0,0,1,1,0.0000,11.3508,11.2912,1
572,1403715915.184058189,3.8827,3.8865,0.3352,2,4,0,0,0,2,0.0000,0.5257,0.4545,1
573,1403715915.234058142,4.0884,4.0800,0.4251,2,4,0,0,0,2,0.0000,0.6196,0.5621,1
574,1403715915.284058094,4.1648,4.1687,0.5240,2,4,0,0,0,2,0.0000,0.7408,0.6808,1
575,1403715915.334058046,14.9263,14.9273,8.5280,2,13,0,0,1,1,0.0000,11.5630,11.5042,1
576,1403715915.384058237,4.3424,4.2967,0.1991,2,4,0,0,0,2,0.0000,0.3255,0.2725,1
577,1403715915.434058189,3.4231,3.4108,0.3049,2,4,0,0,0,2,0.0000,0.4486,0.3958,1
578,1403715915.484058142,3.3000,3.3038,0.3672,2,4,0,0,0,2,0.0000,0.5192,0.4758,1
579,1403715915.534058094,14.0913,14.0950,8.2281,2,13,0,0,1,1,0.0000,11.2538,11.2017,1
580,1403715915.584058285,3.2560,3.2599,0.1922,2,4,0,0,0,2,0.0000,0.3236,0.2624,1
581,1403715915.634057999,3.4783,3.4821,0.2670,2,4,0,0,0,2,0.0000,0.4080,0.3493,1
582,1403715915.684058189,3.5770,3.5808,0.3741,2,4,0,0,0,2,0.0000,0.5343,0.4801,1
583,1403715915.734058142,14.7876,14.7843,8.3470,2,13,0,0,1,1,0.0000,11.5715,11.5078,1
584,1403715915.784058094,3.6697,3.6595,0.2599,2,4,0,0,0,2,0.0000,0.4186,0.3580,1
585,1403715915.834058046,3.8317,3.8250,0.3669,2,4,0,0,0,2,0.0000,0.5508,0.4911,1
586,1403715915.884058237,3.9937,3.9976,0.4578,2,4,0,0,0,2,0.0000,0.6716,0.6068,1
587,1403715915.934058189,14.9926,14.9966,8.5669,2,13,0,0,1,1,0.0000,11.7573,11.6964,1
588,1403715915.984058142,3.6642,3.6655,0.2539,2,4,0,0,0,2,0.0000,0.4085,0.3456,1
589,1403715916.034058094,3.9323,3.8813,0.3428,2,4,0,0,0,2,0.0000,0.5082,0.4527,1
590,1403715916.084058285,3.8266,3.8266,0.4518,2,4,0,0,0,2,0.0000,0.6518,0.5940,1
591,1403715916.134057999,14.6181,14.6103,8.3621,2,13,0,0,1,1,0.0000,11.3986,11.3449,1
592,1403715916.184058189,3.5816,3.5773,0.2470,2,4,0,0,0,2,0.0000,0.3884,0.3327,1
593,1403715916.234058142,3.5673,3.5712,0.3121,2,4,0,0,0,2,0.0000,0.4714,0.4172,1
594,1403715916.284058094,3.8315,3.8174,0.4342,2,4,0,0,0,2,0.0000,0.6175,0.5654,1
595,1403715916.334058046,14.5048,14.4945,8.3802,2,13,0,0,1,1,0.0000,11.3658,11.3073,1
596,1403715916.384058237,3.4854,3.4892,0.2382,2,4,0,0,0,2,0.0000,0.3851,0.3246,1
597,1403715916.434058189,3.6141,3.6176,0.3319,2,4,0,0,0,2,0.0000,0.4916,0.4339,1
598,1403715916.484058142,4.3286,4.3026,0.4120,2,4,0,0,0,2,0.0000,0.6019,0.5366,1
599,1403715916.534058094,14.9013,14.9047,8.5959,2,13,0,0,1,1,0.0000,11.6466,11.5874,1
600,1403715916.584058285,3.6513,3.6549,0.2289,2,4,0,0,0,2,0.0000,0.3700,0.3144,1
601,1403715916.634057999,3.6609,3.5821,0.2909,2,4,0,0,0,2,0.0000,0.4410,0.3882,1
602,1403715916.684058189,3.7717,3.7752,0.3870,2,4,0,0,0,2,0.0000,0.5553,0.5076,1
603,1403715916.734058142,18.6690,18.6690,12.1138,2,6,1,0,0,1,0.0000,15.2427,15.2090,1
604,1403715916.784058094,19.0613,18.9932,9.5882,2,13,0,0,1,1,0.0000,15.7501,15.6818,1
605,1403715916.834058046,3.6628,3.6601,0.2990,2,4,0,0,0,2,0.0000,0.4647,0.4019,1
606,1403715916.884058237,3.9104,3.9140,0.3998,2,4,0,0,0,2,0.0000,0.5748,0.5240,1
607,1403715916.934058189,3.8461,3.8500,0.4730,2,4,0,0,0,2,0.0000,0.6690,0.6192,1
608,1403715916.984058142,14.9335,14.9288,8.6930,2,13,0,0,1,1,0.0000,11.7382,11.6831,1
609,1403715917.034058094,3.7180,3.7058,0.1340,2,3,0,0,0,2,0.0000,0.2226,0.1914,1
610,1403715917.084058285,18.2847,18.2797,9.2402,2,13,0,0,1,1,0.0000,15.1633,15.1219,1
611,1403715917.134057999,3.7971,3.7995,0.2022,2,4,0,0,0,2,0.0000,0.3131,0.2699,1
612,1403715917.184058189,3.9058,3.8739,0.2921,2,4,0,0,0,2,0.0000,0.4147,0.3777,1
613,1403715917.234058142,4.0243,4.0148,0.3738,2,4,0,0,0,2,0.0000,0.5154,0.4760,1
614,1403715917.284058094,15.0260,15.0113,8.5990,2,13,0,0,1,1,0.0000,11.5921,11.5529,1
615,1403715917.334058046,3.4463,3.4463,0.1640,2,4,0,0,0,2,0.0000,0.2634,0.2243,1
616,1403715917.384058237,3.5650,3.5657,0.2801,2,4,0,0,0,2,0.0000,0.4115,0.3631,1
617,1403715917.434058189,3.6721,3.6548,0.3729,2,4,0,0,0,2,0.0000,0.5272,0.4754,1
618,1403715917.484058142,18.2122,18.2000,12.0082,2,6,1,0,0,1,0.0000,15.0199,14.9729,1
619,1403715917.534058094,3.4238,3.4274,0.2232,2,4,0,0,0,2,0.0000,0.3598,0.3054,1
620,1403715917.584058285,3.5588,3.5604,0.3149,2,4,0,0,0,2,0.0000,0.4657,0.4153,1
621,1403715917.634057999,4.0987,4.0673,0.4358,2,4,0,0,0,2,0.0000,0.6299,0.5718,1
622,1403715917.684058189,15.1258,15.0924,8.7972,2,13,0,0,1,1,0.0000,11.8415,11.7861,1
623,1403715917.734058142,3.4010,3.4046,0.2689,2,4,0,0,0,2,0.0000,0.4252,0.3715,1
624,1403715917.784058094,3.6680,3.6690,0.3650,2,4,0,0,0,2,0.0000,0.5376,0.4852,1
625,1403715917.834058046,3.8647,3.7988,0.4690,2,4,0,0,0,2,0.0000,0.6623,0.6131,1
626,1403715917.884058237,14.7559,14.7390,8.6963,2,13,0,0,1,1,0.0000,11.6240,11.5738,1
627,1403715917.934058189,3.4445,3.4420,0.2079,2,4,0,0,0,2,0.0000,0.3374,0.2832,1
628,1403715917.984058142,3.7945,3.7258,0.3052,2,4,0,0,0,2,0.0000,0.4579,0.3999,1
629,1403715918.034058094,3.7473,3.7175,0.3970,2,4,0,0,0,2,0.0000,0.5690,0.5177,1
630,1403715918.084058285,14.3780,14.3663,8.3730,2,13,0,0,1,1,0.0000,11.2773,11.2299,1
631,1403715918.134057999,14.4447,14.3940,8.2290,2,13,0,0,1,1,0.0000,11.1000,11.0461,1
632,1403715918.184058189,3.8745,3.7984,0.1698,2,3,0,0,0,2,0.0000,0.3009,0.2344,1
633,1403715918.234058142,4.1713,4.1593,0.3090,2,4,0,0,0,2,0.0000,0.4639,0.3997,1
634,1403715918.284058094,14.9568,14.9022,8.1401,2,13,0,0,1,1,0.0000,11.1547,11.0915,1
635,1403715918.334058046,3.8083,3.8005,0.1981,2,4,0,0,0,2,0.0000,0.3196,0.2599,1
636,1403715918.384058237,3.9878,3.9407,0.3080,2,4,0,0,0,2,0.0000,0.4472,0.3916,1
637,1403715918.434058189,14.2468,14.2411,7.8680,2,13,0,0,1,1,0.0000,10.7010,10.6466,1
638,1403715918.484058142,3.5617,3.5654,0.1881,2,4,0,0,0,2,0.0000,0.3103,0.2478,1
639,1403715918.534058094,13.8424,13.8459,7.7789,2,13,0,0,1,1,0.0000,10.5187,10.4815,1
640,1403715918.584058285,14.3764,14.3657,7.9961,2,13,0,0,1,1,0.0000,11.1410,11.0857,1
641,1403715918.634057999,5.4841,5.4379,0.1981,2,3,0,0,0,2,0.0000,0.3296,0.2762,1
642,1403715918.684058189,4.3601,4.3637,0.3107,2,4,0,0,0,2,0.0000,0.4417,0.3994,1
643,1403715918.734058142,4.5221,4.5215,0.4258,2,4,0,0,0,2,0.0000,0.5942,0.5414,1
644,1403715918.784058094,14.8229,14.8273,7.9980,2,13,0,0,1,1,0.0000,11.0410,10.9842,1
645,1403715918.834058046,4.0527,4.0566,0.1938,2,4,0,0,0,2,0.0000,0.3040,0.2585,1
646,1403715918.884058237,4.3628,4.3410,0.2851,2,4,0,0,0,2,0.0000,0.4272,0.3680,1
647,1403715918.934058189,4.0433,4.0290,0.3369,2,4,0,0,0,2,0.0000,0.4852,0.4319,1
648,1403715918.984058142,17.8929,17.8926,11.5769,2,6,1,0,0,1,0.0000,14.6048,14.5541,1
649,1403715919.034058094,3.6226,3.6263,0.2491,2,4,0,0,0,2,0.0000,0.3996,0.3391,1
650,1403715919.084058285,4.1234,4.0847,0.3507,2,4,0,0,0,2,0.0000,0.5239,0.4585,1
651,1403715919.134057999,4.2380,4.1979,0.3891,2,4,0,0,0,2,0.0000,0.5662,0.5055,1
652,1403715919.184058189,14.8553,14.8460,8.3129,2,13,0,0,1,1,0.0000,11.3839,11.3110,1
653,1403715919.234058142,3.8744,3.8757,0.2751,2,4,0,0,0,2,0.0000,0.4440,0.3774,1
654,1403715919.284058094,3.8718,3.8734,0.3982,2,4,0,0,0,2,0.0000,0.5994,0.5267,1
655,1403715919.334058046,4.0085,4.0123,0.4559,2,4,0,0,0,2,0.0000,0.6592,0.5966,1
656,1403715919.384058237,15.5679,15.5521,8.5549,2,13,0,0,1,1,0.0000,11.7653,11.6818,1
657,1403715919.434058189,3.9744,3.9784,0.3040,2,4,0,0,0,2,0.0000,0.4935,0.4149,1
658,1403715919.484058142,4.0713,4.0752,0.4151,2,4,0,0,0,2,0.0000,0.6227,0.5511,1
659,1403715919.534058094,4.1521,4.1261,0.4859,2,4,0,0,0,2,0.0000,0.7115,0.6375,1
660,1403715919.584058285,15.1682,15.1235,8.6069,2,13,0,0,1,1,0.0000,11.5942,11.5263,1
661,1403715919.634057999,3.8333,3.8371,0.2918,2,4,0,0,0,2,0.0000,0.4662,0.3989,1
662,1403715919.684058189,3.9512,3.9547,0.3850,2,4,0,0,0,2,0.0000,0.5920,0.5202,1
663,1403715919.734058142,4.4005,4.3895,0.5181,2,4,0,0,0,2,0.0000,0.7519,0.6796,1
664,1403715919.784058094,14.6007,14.6043,8.2831,2,13,0,0,1,1,0.0000,11.2454,11.1791,1
665,1403715919.834058046,3.9185,3.9092,0.2489,2,4,0,0,0,2,0.0000,0.4090,0.3369,1
666,1403715919.884058237,3.8103,3.8138,0.3421,2,4,0,0,0,2,0.0000,0.5155,0.4513,1
667,1403715919.934058189,4.1740,4.1538,0.4671,2,4,0,0,0,2,0.0000,0.6718,0.6066,1
668,1403715919.984058142,15.1125,15.1105,8.3292,2,13,0,0,1,1,0.0000,11.3695,11.2991,1
669,1403715920.034058094,5.2707,5.2712,0.2091,2,4,0,0,0,2,0.0000,0.3700,0.2867,1
670,1403715920.084058285,4.6907,4.6452,0.3259,2,4,0,0,0,2,0.0000,0.5187,0.4296,1
671,1403715920.134057999,4.4210,4.4024,0.4299,2,4,0,0,0,2,0.0000,0.6299,0.5564,1
672,1403715920.184058189,15.0257,15.0093,8.2681,2,13,0,0,1,1,0.0000,11.3344,11.2555,1
673,1403715920.234058142,4.1289,4.1024,0.2258,2,4,0,0,0,2,0.0000,0.3813,0.3061,1
674,1403715920.284058094,4.2750,4.2178,0.3321,2,4,0,0,0,2,0.0000,0.5094,0.4360,1
675,1403715920.334058046,5.0107,4.9774,0.4380,2,4,0,0,0,2,0.0000,0.6413,0.5705,1
676,1403715920.384058237,15.8913,15.8623,8.6172,2,13,0,0,1,1,0.0000,11.7589,11.6816,1
677,1403715920.434058189,4.9061,4.7569,0.2170,2,4,0,0,0,2,0.0000,0.3660,0.2926,1
678,1403715920.484058142,4.3300,4.3094,0.3419,2,4,0,0,0,2,0.0000,0.5130,0.4488,1
679,1403715920.534058094,4.7854,4.4937,0.4079,2,4,0,0,0,2,0.0000,0.5897,0.5183,1
680,1403715920.584058285,14.7199,14.7236,7.9658,2,13,0,0,1,1,0.0000,11.0640,11.0058,1
681,1403715920.634057999,4.2483,4.2520,0.1910,2,4,0,0,0,2,0.0000,0.3164,0.2570,1
682,1403715920.684058189,4.7995,4.7298,0.2820,2,4,0,0,0,2,0.0000,0.4162,0.3633,1
683,1403715920.734058142,4.5527,4.5232,0.3402,2,4,0,0,0,2,0.0000,0.4999,0.4412,1
684,1403715920.784058094,15.3932,15.3704,8.1620,2,13,0,0,1,1,0.0000,11.2068,11.1518,1
685,1403715920.834058046,4.2830,4.2867,0.1960,2,4,0,0,0,2,0.0000,0.3207,0.2655,1
686,1403715920.884058237,4.5889,4.5845,0.3281,2,4,0,0,0,2,0.0000,0.4919,0.4273,1
687,1403715920.934058189,4.5574,4.5609,0.3791,2,4,0,0,0,2,0.0000,0.5426,0.4853,1
688,1403715920.984058142,16.0899,16.0937,8.6329,2,13,0,0,1,1,0.0000,11.9415,11.8760,1
689,1403715921.034058094,4.6212,4.6253,0.2520,2,4,0,0,0,2,0.0000,0.4068,0.3432,1
690,1403715921.084058285,4.6454,4.6364,0.3939,2,4,0,0,0,2,0.0000,0.5889,0.5176,1
691,1403715921.134057999,4.7438,4.7451,0.4389,2,4,0,0,0,2,0.0000,0.6432,0.5741,1
692,1403715921.184058189,16.7683,16.7726,9.4421,2,13,0,0,1,1,0.0000,13.0147,12.9412,1
693,1403715921.234058142,4.6806,4.6548,0.3171,2,4,0,0,0,2,0.0000,0.5025,0.4273,1
694,1403715921.284058094,5.2287,4.9193,0.4058,2,4,0,0,0,2,0.0000,0.6172,0.5378,1
695,1403715921.334058046,4.7088,4.7109,0.5190,2,4,0,0,0,2,0.0000,0.7464,0.6740,1
696,1403715921.384058237,17.3291,17.2599,9.9683,2,13,0,0,1,1,0.0000,13.3137,13.2589,1
697,1403715921.434058189,3.7120,3.7157,0.2122,2,4,0,0,0,2,0.0000,0.3805,0.2911,1
698,1403715921.484058142,3.8014,3.8006,0.2961,2,4,0,0,0,2,0.0000,0.4591,0.3881,1
699,1403715921.534058094,3.9780,3.9819,0.3788,2,4,0,0,0,2,0.0000,0.5553,0.4923,1
700,1403715921.584058285,16.9755,16.9434,9.9940,2,13,0,0,1,1,0.0000,13.5364,13.4654,1
701,1403715921.634057999,4.0048,4.0086,0.2780,2,4,0,0,0,2,0.0000,0.4563,0.3833,1
702,1403715921.684058189,4.1212,4.1004,0.3448,2,4,0,0,0,2,0.0000,0.5358,0.4822,1
703,1403715921.734058142,3.8684,3.8628,0.4382,2,4,0,0,0,2,0.0000,0.6530,0.5759,1
704,1403715921.784058094,16.0477,16.0124,9.4450,2,13,0,0,1,1,0.0000,12.7783,12.7188,1
705,1403715921.834058046,3.8043,3.7606,0.2091,2,4,0,0,0,2,0.0000,0.3391,0.2874,1
706,1403715921.884058237,3.5051,3.5064,0.3040,2,4,0,0,0,2,0.0000,0.4570,0.3996,1
707,1403715921.934058189,3.5224,3.5227,0.3550,2,4,0,0,0,2,0.0000,0.5197,0.4640,1
708,1403715921.984058142,16.1413,16.1064,9.3679,2,13,0,0,1,1,0.0000,12.7726,12.7167,1
709,1403715922.034058094,3.8039,3.7980,0.2122,2,4,0,0,0,2,0.0000,0.3599,0.2985,1
710,1403715922.084058285,3.4562,3.4603,0.3130,2,4,0,0,0,2,0.0000,0.4745,0.4174,1
711,1403715922.134057999,3.7968,3.7650,0.3769,2,4,0,0,0,2,0.0000,0.5391,0.4887,1
712,1403715922.184058189,14.8625,14.7915,8.4682,2,13,0,0,1,1,0.0000,11.5891,11.5462,1
713,1403715922.234058142,14.0653,14.0643,8.1849,2,13,0,0,1,1,0.0000,11.1972,11.1542,1
714,1403715922.284058094,14.4094,14.3984,8.3659,2,13,0,0,1,1,0.0000,11.3324,11.2906,1
715,1403715922.334058046,3.1020,3.1035,0.1781,2,4,0,0,0,2,0.0000,0.2823,0.2418,1
716,1403715922.384058237,14.1401,14.1303,8.1668,2,13,0,0,1,1,0.0000,11.1425,11.1028,1
717,1403715922.434058189,3.2927,3.2962,0.1960,2,4,0,0,0,2,0.0000,0.3189,0.2640,1
718,1403715922.484058142,13.9705,13.9673,8.0450,2,13,0,0,1,1,0.0000,10.9688,10.9264,1
719,1403715922.534058094,3.2551,3.2441,0.1819,2,4,0,0,0,2,0.0000,0.2867,0.2490,1
720,1403715922.584058285,3.2254,3.2289,0.2832,2,4,0,0,0,2,0.0000,0.4054,0.3681,1
721,1403715922.634057999,3.5879,3.5853,0.3638,2,4,0,0,0,2,0.0000,0.5099,0.4649,1
722,1403715922.684058189,14.1047,14.0842,8.0042,2,13,0,0,1,1,0.0000,10.9720,10.9229,1
723,1403715922.734058142,3.3317,3.3285,0.1500,2,4,0,0,0,2,0.0000,0.2370,0.2016,1
724,1403715922.784058094,13.4613,13.4651,7.8890,2,13,0,0,1,1,0.0000,10.7423,10.7036,1
725,1403715922.834058046,3.5148,3.4247,0.1760,2,4,0,0,0,2,0.0000,0.2814,0.2374,1
726,1403715922.884058237,3.7244,3.7166,0.2708,2,4,0,0,0,2,0.0000,0.3993,0.3489,1
727,1403715922.934058189,3.3222,3.3232,0.3490,2,4,0,0,0,2,0.0000,0.4907,0.4447,1
728,1403715922.984058142,13.5195,13.5154,7.7338,2,13,0,0,1,1,0.0000,10.6120,10.5595,1
729,1403715923.034058094,3.7527,3.6136,0.2491,2,4,0,0,0,2,0.0000,0.4059,0.3393,1
730,1403715923.084058285,3.6743,3.6649,0.3109,2,4,0,0,0,2,0.0000,0.4682,0.4043,1
731,1403715923.134057999,3.4167,3.4079,0.3707,2,4,0,0,0,2,0.0000,0.5175,0.4714,1
732,1403715923.184058189,17.0588,17.0432,11.0819,2,6,1,0,0,1,0.0000,14.0466,13.9876,1
733,1403715923.234058142,3.5458,3.5335,0.2098,2,4,0,0,0,2,0.0000,0.3400,0.2821,1
734,1403715923.284058094,3.6842,3.6657,0.3030,2,4,0,0,0,2,0.0000,0.4469,0.3892,1
735,1403715923.334058046,3.7028,3.7064,0.3707,2,4,0,0,0,2,0.0000,0.5364,0.4732,1
736,1403715923.384058237,14.0921,13.9513,7.7760,2,13,0,0,1,1,0.0000,10.6237,10.5708,1
737,1403715923.434058189,3.4946,3.4482,0.1731,2,4,0,0,0,2,0.0000,0.2873,0.2346,1
738,1403715923.484058142,3.4126,3.3900,0.2501,2,4,0,0,0,2,0.0000,0.3637,0.3242,1
739,1403715923.534058094,3.4089,3.4122,0.3009,2,4,0,0,0,2,0.0000,0.4320,0.3883,1
740,1403715923.584058285,13.5627,13.5664,7.7600,2,13,0,0,1,1,0.0000,10.5341,10.4915,1
741,1403715923.634057999,3.4903,3.4056,0.1690,2,4,0,0,0,2,0.0000,0.2805,0.2257,1
742,1403715923.684058189,3.2959,3.2993,0.2391,2,4,0,0,0,2,0.0000,0.3507,0.3051,1
743,1403715923.734058142,3.3449,3.3484,0.3231,2,4,0,0,0,2,0.0000,0.4552,0.4109,1
744,1403715923.784058094,13.4048,13.4085,7.6733,2,13,0,0,1,1,0.0000,10.4835,10.4428,1
745,1403715923.834058046,3.3523,3.3556,0.1779,2,4,0,0,0,2,0.0000,0.2961,0.2386,1
746,1403715923.884058237,3.7202,3.5546,0.2761,2,4,0,0,0,2,0.0000,0.4099,0.3553,1
747,1403715923.934058189,13.6600,13.6636,7.5572,2,13,0,0,1,1,0.0000,10.3905,10.3440,1
748,1403715923.984058142,3.2466,3.2502,0.1540,2,4,0,0,0,2,0.0000,0.2610,0.2109,1
749,1403715924.034058094,3.3540,3.3574,0.2294,2,4,0,0,0,2,0.0000,0.3471,0.2984,1
750,1403715924.084058285,3.6055,3.5690,0.3121,2,4,0,0,0,2,0.0000,0.4381,0.3978,1
751,1403715924.134057999,13.2358,13.1673,7.4089,2,13,0,0,1,1,0.0000,10.2227,10.1802,1
752,1403715924.184058189,3.3226,3.3260,0.1650,2,4,0,0,0,2,0.0000,0.2628,0.2215,1
753,1403715924.234058142,3.8357,3.7859,0.2272,2,4,0,0,0,2,0.0000,0.3333,0.2913,1
754,1403715924.284058094,13.2273,13.2044,7.2258,2,13,0,0,1,1,0.0000,10.1402,10.0898,1
755,1403715924.334058046,3.4387,3.4362,0.1791,2,4,0,0,0,2,0.0000,0.2949,0.2423,1
756,1403715924.384058237,3.4478,3.4514,0.2229,2,4,0,0,0,2,0.0000,0.3295,0.2885,1
757,1403715924.434058189,3.3757,3.3791,0.2980,2,4,0,0,0,2,0.0000,0.4090,0.3706,1
758,1403715924.484058142,12.9525,12.9563,7.2460,2,13,0,0,1,1,0.0000,10.0319,9.9913,1
759,1403715924.534058094,3.6558,3.6105,0.1540,2,4,0,0,0,2,0.0000,0.2550,0.2071,1
760,1403715924.584058285,3.5400,3.5282,0.2232,2,4,0,0,0,2,0.0000,0.3277,0.2851,1
761,1403715924.634057999,13.1113,13.1150,7.3020,2,13,0,0,1,1,0.0000,10.2004,10.1583,1
762,1403715924.684058189,3.0720,3.0754,0.1590,2,4,0,0,0,2,0.0000,0.2548,0.2147,1
763,1403715924.734058142,3.4185,3.3883,0.2320,2,4,0,0,0,2,0.0000,0.3378,0.2984,1
764,1403715924.784058094,3.2775,3.2809,0.2921,2,4,0,0,0,2,0.0000,0.4023,0.3662,1
765,1403715924.834058046,13.2634,13.2670,7.3659,2,13,0,0,1,1,0.0000,10.1885,10.1523,1
766,1403715924.884058237,3.4130,3.4163,0.1628,2,4,0,0,0,2,0.0000,0.2635,0.2203,1
767,1403715924.934058189,3.4691,3.4727,0.2220,2,4,0,0,0,2,0.0000,0.3342,0.2955,1
768,1403715924.984058142,13.1837,13.1157,7.1218,2,13,0,0,1,1,0.0000,9.9092,9.8792,1
769,1403715925.034058094,14.1407,14.1243,7.3729,2,13,0,0,1,1,0.0000,10.2052,10.1634,1
770,1403715925.084058285,3.5080,3.5114,0.1490,2,4,0,0,0,2,0.0000,0.2322,0.2009,1
771,1403715925.134057999,14.4341,14.3996,7.3349,2,13,0,0,1,1,0.0000,10.1210,10.0908,1
772,1403715925.184058189,4.0916,4.0929,0.1450,2,4,0,0,0,2,0.0000,0.2340,0.1949,1
773,1403715925.234058142,13.7566,13.7534,7.3690,2,13,0,0,1,1,0.0000,10.1383,10.0983,1
774,1403715925.284058094,13.3120,13.3099,7.2510,2,13,0,0,1,1,0.0000,9.9792,9.9455,1
775,1403715925.334058046,3.7280,3.7313,0.1631,2,4,0,0,0,2,0.0000,0.2548,0.2161,1
776,1403715925.384058237,13.3062,13.3056,7.2212,2,13,0,0,1,1,0.0000,9.9469,9.9129,1
777,1403715925.434058189,13.1140,13.1118,7.2930,2,13,0,0,1,1,0.0000,9.8996,9.8702,1
778,1403715925.484058142,3.5643,3.5519,0.1547,2,4,0,0,0,2,0.0000,0.2422,0.2045,1
779,1403715925.534058094,13.7426,13.7400,7.5018,2,13,0,0,1,1,0.0000,10.2668,10.2204,1
780,1403715925.584058285,13.7829,13.7593,7.3428,2,13,0,0,1,1,0.0000,9.9777,9.9432,1
781,1403715925.634057999,13.5864,13.5679,7.5109,2,13,0,0,1,1,0.0000,10.1647,10.1229,1
782,1403715925.684058189,3.8610,3.8328,0.1950,2,4,0,0,0,2,0.0000,0.2952,0.2569,1
783,1403715925.734058142,13.9538,13.9352,7.8473,2,13,0,0,1,1,0.0000,10.5764,10.5348,1
784,1403715925.784058094,3.6568,3.6483,0.1888,2,4,0,0,0,2,0.0000,0.2828,0.2438,1
785,1403715925.834058046,13.4247,13.4263,7.6230,2,13,0,0,1,1,0.0000,10.2652,10.2289,1
786,1403715925.884058237,3.7534,3.7488,0.1781,2,4,0,0,0,2,0.0000,0.2744,0.2354,1
787,1403715925.934058189,3.6802,3.6838,0.2668,2,4,0,0,0,2,0.0000,0.3832,0.3428,1
788,1403715925.984058142,3.7686,3.7706,0.3521,2,4,0,0,0,2,0.0000,0.4823,0.4457,1
789,1403715926.034058094,13.5383,13.5401,7.6342,2,13,0,0,1,1,0.0000,10.2541,10.2216,1
790,1403715926.084058285,3.5761,3.5550,0.1478,2,4,0,0,0,2,0.0000,0.2303,0.1964,1
791,1403715926.134057999,17.1596,17.1470,11.0512,2,6,1,0,0,1,0.0000,13.7062,13.6719,1
792,1403715926.184058189,3.4745,3.4780,0.1490,2,4,0,0,0,2,0.0000,0.2317,0.1985,1
793,1403715926.234058142,17.5520,17.5556,11.3349,2,6,1,0,0,1,0.0000,14.0862,14.0511,1
794,1403715926.284058094,3.8648,3.8264,0.1740,2,4,0,0,0,2,0.0000,0.2713,0.2317,1
795,1403715926.334058046,17.6572,17.6306,11.2700,2,6,1,0,0,1,0.0000,13.8985,13.8543,1
796,1403715926.384058237,3.9705,3.9214,0.1621,2,4,0,0,0,2,0.0000,0.2595,0.2146,1
797,1403715926.434058189,17.4428,17.4424,11.2998,2,6,1,0,0,1,0.0000,14.0326,13.9893,1
798,1403715926.484058142,3.9048,3.9002,0.1850,2,4,0,0,0,2,0.0000,0.2885,0.2481,1
799,1403715926.534058094,4.0196,4.0076,0.3049,2,4,0,0,0,2,0.0000,0.4478,0.3928,1
800,1403715926.584058285,4.1126,4.1019,0.3879,2,4,0,0,0,2,0.0000,0.5413,0.4910,1
801,1403715926.634057999,14.3844,14.3748,7.9129,2,13,0,0,1,1,0.0000,10.7226,10.6754,1
802,1403715926.684058189,4.2560,4.2201,0.2048,2,4,0,0,0,2,0.0000,0.3246,0.2752,1
803,1403715926.734058142,3.8900,3.8936,0.3319,2,4,0,0,0,2,0.0000,0.4731,0.4253,1
804,1403715926.784058094,4.2663,4.1960,0.3710,2,4,0,0,0,2,0.0000,0.5210,0.4695,1
805,1403715926.834058046,13.9671,13.9706,7.8347,2,13,0,0,1,1,0.0000,10.5332,10.4797,1
806,1403715926.884058237,4.1133,4.0770,0.2160,2,4,0,0,0,2,0.0000,0.3456,0.2928,1
807,1403715926.934058189,4.0563,4.0461,0.3211,2,4,0,0,0,2,0.0000,0.4699,0.4143,1
808,1403715926.984058142,4.2597,4.1578,0.3819,2,4,0,0,0,2,0.0000,0.5440,0.4900,1
809,1403715927.034058094,13.9470,13.9546,7.7722,2,13,0,0,1,1,0.0000,10.5905,10.5328,1
810,1403715927.084058285,4.0433,4.0275,0.2229,2,4,0,0,0,2,0.0000,0.3760,0.3065,1
811,1403715927.134057999,4.2791,4.2415,0.3300,2,4,0,0,0,2,0.0000,0.4887,0.4302,1
812,1403715927.184058189,4.5282,4.4683,0.3982,2,4,0,0,0,2,0.0000,0.5843,0.5244,1
813,1403715927.234058142,14.6279,14.5843,8.0080,2,13,0,0,1,1,0.0000,10.7807,10.7198,1
814,1403715927.284058094,3.9561,3.9380,0.1860,2,4,0,0,0,2,0.0000,0.3066,0.2481,1
815,1403715927.334058046,3.9234,3.9163,0.2770,2,4,0,0,0,2,0.0000,0.4131,0.3550,1
816,1403715927.384058237,13.4365,13.4238,7.4377,2,13,0,0,1,1,0.0000,10.1275,10.0737,1
817,1403715927.434058189,3.5695,3.5729,0.1757,2,4,0,0,0,2,0.0000,0.2932,0.2370,1
818,1403715927.484058142,3.8693,3.8728,0.2689,2,4,0,0,0,2,0.0000,0.4055,0.3442,1
819,1403715927.534058094,13.8808,13.8677,7.5898,2,13,0,0,1,1,0.0000,10.2815,10.2284,1
820,1403715927.584058285,3.4990,3.4952,0.1390,2,3,0,0,0,2,0.0000,0.2518,0.1944,1
821,1403715927.634057999,4.1413,4.1393,0.2618,2,4,0,0,0,2,0.0000,0.3957,0.3385,1
822,1403715927.684058189,4.1216,4.0978,0.3929,2,4,0,0,0,2,0.0000,0.5555,0.4968,1
823,1403715927.734058142,14.1435,14.1165,7.6523,2,13,0,0,1,1,0.0000,10.3224,10.2662,1
824,1403715927.784058094,3.8303,3.8274,0.1717,2,4,0,0,0,2,0.0000,0.2859,0.2306,1
825,1403715927.834058046,4.2967,4.2498,0.2792,2,4,0,0,0,2,0.0000,0.4115,0.3558,1
826,1403715927.884058237,4.4555,4.4079,0.3550,2,4,0,0,0,2,0.0000,0.5015,0.4485,1
827,1403715927.934058189,14.1660,14.1404,7.6840,2,13,0,0,1,1,0.0000,10.3143,10.2603,1
828,1403715927.984058142,3.7831,3.7677,0.1690,2,4,0,0,0,2,0.0000,0.2767,0.2289,1
829,1403715928.034058094,3.6880,3.6855,0.2451,2,4,0,0,0,2,0.0000,0.3592,0.3177,1
830,1403715928.084058285,3.7649,3.7573,0.3121,2,4,0,0,0,2,0.0000,0.4342,0.3931,1
831,1403715928.134057999,16.9035,16.8098,10.8321,2,6,1,0,0,1,0.0000,13.4861,13.4409,1
832,1403715928.184058189,3.9287,3.9280,0.1669,2,4,0,0,0,2,0.0000,0.2690,0.2208,1
833,1403715928.234058142,4.2803,4.2517,0.2460,2,4,0,0,0,2,0.0000,0.3695,0.3132,1
834,1403715928.284058094,14.7897,14.7587,7.7879,2,13,0,0,1,1,0.0000,10.6748,10.6209,1
835,1403715928.334058046,4.2701,4.2303,0.2241,2,4,0,0,0,2,0.0000,0.3623,0.2935,1
836,1403715928.384058237,4.2324,4.1919,0.2861,2,4,0,0,0,2,0.0000,0.4208,0.3668,1
837,1403715928.434058189,4.2873,4.2883,0.3500,2,4,0,0,0,2,0.0000,0.4952,0.4419,1
838,1403715928.484058142,13.7178,13.6941,7.4730,2,13,0,0,1,1,0.0000,10.2326,10.1851,1
839,1403715928.534058094,3.8400,3.8421,0.1650,2,4,0,0,0,2,0.0000,0.2653,0.2184,1
840,1403715928.584058285,4.0861,4.0416,0.2739,2,4,0,0,0,2,0.0000,0.3989,0.3487,1
841,1403715928.634057999,4.1882,4.1759,0.3498,2,4,0,0,0,2,0.0000,0.4898,0.4378,1
842,1403715928.684058189,13.8414,13.8318,7.4928,2,13,0,0,1,1,0.0000,10.3537,10.3090,1
843,1403715928.734058142,14.2965,14.2390,7.4220,2,13,0,0,1,1,0.0000,10.4736,10.4292,1
844,1403715928.784058094,17.5135,17.5145,10.9210,2,6,1,0,0,1,0.0000,13.5913,13.5395,1
845,1403715928.834058046,4.1540,4.1485,0.1659,2,3,0,0,0,2,0.0000,0.2950,0.2299,1
846,1403715928.884058237,14.5996,14.5538,7.7548,2,13,0,0,1,1,0.0000,10.5272,10.4746,1
847,1403715928.934058189,4.3207,4.3068,0.2201,2,4,0,0,0,2,0.0000,0.3535,0.2917,1
848,1403715928.984058142,4.8420,4.8238,0.3412,2,4,0,0,0,2,0.0000,0.5087,0.4410,1
849,1403715929.034058094,4.8255,4.7824,0.4101,2,4,0,0,0,2,0.0000,0.5849,0.5232,1
850,1403715929.084058285,14.9853,14.9800,8.1460,2,13,0,0,1,1,0.0000,11.1127,11.0524,1
851,1403715929.134057999,4.4239,4.3972,0.2611,2,4,0,0,0,2,0.0000,0.4138,0.3489,1
852,1403715929.184058189,4.5347,4.4990,0.3831,2,4,0,0,0,2,0.0000,0.5633,0.4977,1
853,1403715929.234058142,4.3524,4.3509,0.4711,2,4,0,0,0,2,0.0000,0.6758,0.6082,1
854,1403715929.284058094,14.9401,14.9198,8.4178,2,13,0,0,1,1,0.0000,11.2816,11.2224,1
855,1403715929.334058046,4.2464,4.2365,0.2699,2,4,0,0,0,2,0.0000,0.4312,0.3579,1
856,1403715929.384058237,4.7356,4.6927,0.3660,2,4,0,0,0,2,0.0000,0.5457,0.4785,1
857,1403715929.434058189,4.5348,4.5147,0.4501,2,4,0,0,0,2,0.0000,0.6425,0.5801,1
858,1403715929.484058142,15.1714,15.0300,8.0206,2,13,0,0,1,1,0.0000,10.8696,10.8051,1
859,1403715929.534058094,14.3128,14.3053,7.9219,2,13,0,0,1,1,0.0000,10.8836,10.8128,1
860,1403715929.584058285,3.7764,3.6454,0.2201,2,4,0,0,0,2,0.0000,0.3586,0.2915,1
861,1403715929.634057999,13.9028,13.8696,7.7302,2,13,0,0,1,1,0.0000,10.5366,10.4888,1
862,1403715929.684058189,3.2968,3.3005,0.1800,2,4,0,0,0,2,0.0000,0.3028,0.2409,1
863,1403715929.734058142,3.4822,3.4818,0.2620,2,4,0,0,0,2,0.0000,0.3929,0.3392,1
864,1403715929.784058094,3.7179,3.6974,0.3707,2,4,0,0,0,2,0.0000,0.5188,0.4704,1
865,1403715929.834058046,13.9213,13.9251,7.9188,2,13,0,0,1,1,0.0000,10.7715,10.7253,1
866,1403715929.884058237,3.7710,3.7656,0.2110,2,4,0,0,0,2,0.0000,0.3322,0.2794,1
867,1403715929.934058189,3.5678,3.5714,0.3052,2,4,0,0,0,2,0.0000,0.4367,0.3930,1
868,1403715929.984058142,3.9667,3.9637,0.4027,2,4,0,0,0,2,0.0000,0.5627,0.5173,1
869,1403715930.034058094,14.4987,14.4865,8.1599,2,13,0,0,1,1,0.0000,11.0556,11.0067,1
870,1403715930.084058285,3.6220,3.6256,0.2058,2,4,0,0,0,2,0.0000,0.3285,0.2792,1
871,1403715930.134057999,3.7735,3.7601,0.3631,2,4,0,0,0,2,0.0000,0.5189,0.4656,1
872,1403715930.184058189,3.7415,3.7355,0.4189,2,4,0,0,0,2,0.0000,0.5938,0.5433,1
873,1403715930.234058142,15.1064,15.0889,8.7218,2,13,0,0,1,1,0.0000,11.6775,11.6283,1
874,1403715930.284058094,3.7892,3.7762,0.2499,2,4,0,0,0,2,0.0000,0.4020,0.3355,1
875,1403715930.334058046,3.9255,3.9039,0.3579,2,4,0,0,0,2,0.0000,0.5559,0.4869,1
876,1403715930.384058237,3.9712,3.9671,0.4768,2,4,0,0,0,2,0.0000,0.6768,0.6190,1
877,1403715930.434058189,14.8912,14.8917,8.6832,2,13,0,0,1,1,0.0000,11.6997,11.6495,1
878,1403715930.484058142,3.7004,3.6957,0.2251,2,4,0,0,0,2,0.0000,0.3628,0.3066,1
879,1403715930.534058094,3.8602,3.8637,0.3612,2,4,0,0,0,2,0.0000,0.5261,0.4723,1
880,1403715930.584058285,4.3819,4.3394,0.4539,2,4,0,0,0,2,0.0000,0.6666,0.5943,1
881,1403715930.634057999,15.1348,15.1360,8.6279,2,13,0,0,1,1,0.0000,11.7067,11.6455,1
882,1403715930.684058189,3.8157,3.8173,0.2511,2,4,0,0,0,2,0.0000,0.3967,0.3366,1
883,1403715930.734058142,4.0956,4.0785,0.3581,2,4,0,0,0,2,0.0000,0.5234,0.4677,1
884,1403715930.784058094,4.1050,4.1086,0.4711,2,4,0,0,0,2,0.0000,0.6747,0.6155,1
885,1403715930.834058046,15.2864,15.2704,8.7697,2,13,0,0,1,1,0.0000,11.8408,11.7888,1
886,1403715930.884058237,3.9080,3.9041,0.2701,2,4,0,0,0,2,0.0000,0.4252,0.3675,1
887,1403715930.934058189,4.1367,4.1326,0.3982,2,4,0,0,0,2,0.0000,0.5875,0.5255,1
888,1403715930.984058142,4.2388,4.2378,0.5019,2,4,0,0,0,2,0.0000,0.7200,0.6620,1
889,1403715931.034058094,15.5708,15.5659,8.8701,2,13,0,0,1,1,0.0000,12.0036,11.9426,1
890,1403715931.084058285,3.9361,3.9193,0.2601,2,4,0,0,0,2,0.0000,0.4135,0.3537,1
891,1403715931.134057999,4.1537,4.1439,0.3729,2,4,0,0,0,2,0.0000,0.5532,0.4946,1
892,1403715931.184058189,4.4009,4.3941,0.5059,2,4,0,0,0,2,0.0000,0.7375,0.6816,1
893,1403715931.234058142,15.6622,15.6624,9.1128,2,13,0,0,1,1,0.0000,12.1237,12.0663,1
894,1403715931.284058094,4.3023,4.3061,0.2899,2,4,0,0,0,2,0.0000,0.4672,0.3935,1
895,1403715931.334058046,4.4483,4.4447,0.4101,2,4,0,0,0,2,0.0000,0.6060,0.5418,1
896,1403715931.384058237,4.2922,4.2910,0.4900,2,4,0,0,0,2,0.0000,0.7066,0.6492,1
897,1403715931.434058189,15.8536,15.8377,9.0680,2,13,0,0,1,1,0.0000,12.1326,12.0803,1
898,1403715931.484058142,4.4180,4.3348,0.2341,2,4,0,0,0,2,0.0000,0.3767,0.3173,1
899,1403715931.534058094,4.0490,4.0523,0.3350,2,4,0,0,0,2,0.0000,0.5012,0.4452,1
900,1403715931.584058285,4.2537,4.2572,0.4289,2,4,0,0,0,2,0.0000,0.6130,0.5625,1
901,1403715931.634057999,15.6337,15.6373,9.0370,2,13,0,0,1,1,0.0000,12.1860,12.1282,1
902,1403715931.684058189,4.0669,4.0706,0.2468,2,4,0,0,0,2,0.0000,0.4069,0.3392,1
903,1403715931.734058142,4.6075,4.5144,0.3841,2,4,0,0,0,2,0.0000,0.5705,0.5027,1
904,1403715931.784058094,4.5100,4.3551,0.4649,2,4,0,0,0,2,0.0000,0.6810,0.6102,1
905,1403715931.834058046,16.9483,16.8440,9.2990,2,13,0,0,1,1,0.0000,12.6823,12.6114,1
906,1403715931.884058237,4.2768,4.1601,0.2446,2,4,0,0,0,2,0.0000,0.4019,0.3318,1
907,1403715931.934058189,4.4770,4.4733,0.3557,2,4,0,0,0,2,0.0000,0.5300,0.4657,1
908,1403715931.984058142,4.5629,4.5530,0.4468,2,4,0,0,0,2,0.0000,0.6322,0.5740,1
909,1403715932.034058094,16.5957,16.5799,9.1171,2,13,0,0,1,1,0.0000,12.3387,12.2820,1
910,1403715932.084058285,4.0325,4.0039,0.1960,2,4,0,0,0,2,0.0000,0.3152,0.2613,1
911,1403715932.134057999,4.1023,4.0935,0.2739,2,4,0,0,0,2,0.0000,0.4045,0.3549,1
912,1403715932.184058189,4.5631,4.4785,0.3691,2,4,0,0,0,2,0.0000,0.5211,0.4713,1
913,1403715932.234058142,16.9797,16.9567,9.5539,2,13,0,0,1,1,0.0000,12.8990,12.8422,1
914,1403715932.284058094,3.6313,3.6351,0.1948,2,4,0,0,0,2,0.0000,0.3214,0.2692,1
915,1403715932.334058046,3.9111,3.8873,0.2880,2,4,0,0,0,2,0.0000,0.4259,0.3785,1
916,1403715932.384058237,4.5603,4.5245,0.4070,2,4,0,0,0,2,0.0000,0.5877,0.5232,1
917,1403715932.434058189,16.5356,16.5179,9.4831,2,13,0,0,1,1,0.0000,12.8411,12.7713,1
918,1403715932.484058142,3.6732,3.6772,0.2000,2,4,0,0,0,2,0.0000,0.3301,0.2697,1
919,1403715932.534058094,3.7477,3.7515,0.2751,2,4,0,0,0,2,0.0000,0.4157,0.3586,1
920,1403715932.584058285,3.8572,3.8625,0.3781,2,4,0,0,0,2,0.0000,0.5409,0.4840,1
921,1403715932.634057999,15.7578,15.7517,9.1119,2,13,0,0,1,1,0.0000,12.3154,12.2624,1
922,1403715932.684058189,3.7262,3.7298,0.1860,2,4,0,0,0,2,0.0000,0.3120,0.2542,1
923,1403715932.734058142,3.7450,3.7400,0.3140,2,4,0,0,0,2,0.0000,0.4587,0.4023,1
924,1403715932.784058094,3.9154,3.8993,0.3700,2,4,0,0,0,2,0.0000,0.5264,0.4727,1
925,1403715932.834058046,18.4948,18.5028,12.1260,2,6,1,0,0,1,0.0000,15.3672,15.3015,1
926,1403715932.884058237,4.1171,4.0471,0.2291,2,4,0,0,0,2,0.0000,0.3722,0.3077,1
927,1403715932.934058189,4.3863,4.3753,0.2792,2,4,0,0,0,2,0.0000,0.4141,0.3623,1
928,1403715932.984058142,4.5844,4.5272,0.3669,2,4,0,0,0,2,0.0000,0.5200,0.4686,1
929,1403715933.034058094,15.4102,15.3646,8.5850,2,13,0,0,1,1,0.0000,11.7937,11.7417,1
930,1403715933.084058285,4.1937,4.1820,0.1872,2,4,0,0,0,2,0.0000,0.3094,0.2571,1
931,1403715933.134057999,3.8047,3.6371,0.2840,2,4,0,0,0,2,0.0000,0.4159,0.3660,1
932,1403715933.184058189,3.9588,3.9461,0.3359,2,4,0,0,0,2,0.0000,0.4790,0.4321,1
933,1403715933.234058142,14.7096,14.7060,7.8471,2,13,0,0,1,1,0.0000,10.8412,10.7986,1
934,1403715933.284058094,4.1561,4.1143,0.1640,2,4,0,0,0,2,0.0000,0.2659,0.2213,1
935,1403715933.334058046,4.0577,4.0612,0.2189,2,4,0,0,0,2,0.0000,0.3280,0.2858,1
936,1403715933.384058237,4.1810,4.1848,0.2859,2,4,0,0,0,2,0.0000,0.4065,0.3602,1
937,1403715933.434058189,14.2653,14.2564,7.4980,2,13,0,0,1,1,0.0000,10.4797,10.4370,1
938,1403715933.484058142,4.3027,4.2879,0.1731,2,4,0,0,0,2,0.0000,0.2873,0.2309,1
939,1403715933.534058094,14.2791,14.2183,7.4539,2,13,0,0,1,1,0.0000,10.3479,10.3020,1
940,1403715933.584058285,4.2060,4.1988,0.1757,2,4,0,0,0,2,0.0000,0.2993,0.2392,1
941,1403715933.634057999,3.8309,3.7667,0.2601,2,4,0,0,0,2,0.0000,0.3913,0.3373,1
942,1403715933.684058189,4.1503,4.1359,0.3450,2,4,0,0,0,2,0.0000,0.4948,0.4387,1
943,1403715933.734058142,13.8500,13.8569,7.4821,2,13,0,0,1,1,0.0000,10.4659,10.4117,1
944,1403715933.784058094,3.8974,3.9010,0.2661,2,4,0,0,0,2,0.0000,0.4217,0.3625,1
945,1403715933.834058046,3.9708,3.9745,0.3781,2,4,0,0,0,2,0.0000,0.5567,0.5030,1
946,1403715933.884058237,4.5217,4.5251,0.4442,2,4,0,0,0,2,0.0000,0.6275,0.5743,1
947,1403715933.934058189,14.3816,14.2931,7.6170,2,13,0,0,1,1,0.0000,10.3962,10.3399,1
948,1403715933.984058142,4.2894,4.2932,0.1938,2,4,0,0,0,2,0.0000,0.3148,0.2614,1
949,1403715934.034058094,13.6225,13.6262,7.2520,2,13,0,0,1,1,0.0000,9.9815,9.9325,1
950,1403715934.084058285,3.4761,3.4801,0.1569,2,4,0,0,0,2,0.0000,0.2601,0.2137,1
951,1403715934.134057999,14.1445,14.1305,7.5641,2,13,0,0,1,1,0.0000,10.2499,10.2018,1
952,1403715934.184058189,13.9603,13.9638,7.7279,2,13,0,0,1,1,0.0000,10.3616,10.3113,1
953,1403715934.234058142,4.0864,4.0733,0.1829,2,4,0,0,0,2,0.0000,0.2855,0.2481,1
954,1403715934.284058094,14.0186,14.0072,7.4880,2,13,0,0,1,1,0.0000,10.0260,9.9879,1
955,1403715934.334058046,3.8088,3.7778,0.1678,2,4,0,0,0,2,0.0000,0.2686,0.2249,1
956,1403715934.384058237,3.8530,3.8568,0.2699,2,4,0,0,0,2,0.0000,0.3829,0.3454,1
957,1403715934.434058189,13.2669,13.2705,7.3910,2,13,0,0,1,1,0.0000,10.0441,10.0149,1
958,1403715934.484058142,16.5487,16.5230,7.8971,2,13,0,0,1,1,0.0000,13.2037,13.1571,1
959,1403715934.534058094,3.5351,3.5336,0.1929,2,4,0,0,0,2,0.0000,0.3052,0.2560,1
960,1403715934.584058285,3.5655,3.5671,0.2780,2,4,0,0,0,2,0.0000,0.3998,0.3583,1
961,1403715934.634057999,3.6602,3.6476,0.3591,2,4,0,0,0,2,0.0000,0.4996,0.4583,1
962,1403715934.684058189,16.7150,16.7159,11.1060,2,6,1,0,0,1,0.0000,13.7582,13.7160,1
963,1403715934.734058142,3.6281,3.6122,0.2129,2,4,0,0,0,2,0.0000,0.3396,0.2878,1
964,1403715934.784058094,3.4870,3.4794,0.3297,2,4,0,0,0,2,0.0000,0.4825,0.4286,1
965,1403715934.834058046,3.8658,3.8268,0.4039,2,4,0,0,0,2,0.0000,0.5622,0.5195,1
966,1403715934.884058237,14.0083,13.9780,7.9942,2,13,0,0,1,1,0.0000,10.5350,10.4868,1
967,1403715934.934058189,3.7382,3.6420,0.1721,2,4,0,0,0,2,0.0000,0.2735,0.2313,1
968,1403715934.984058142,13.7361,13.7394,7.7367,2,13,0,0,1,1,0.0000,10.1715,10.1293,1
969,1403715935.034058094,3.5282,3.5303,0.1512,2,4,0,0,0,2,0.0000,0.2390,0.2028,1
970,1403715935.084058285,13.7070,13.6994,7.8111,2,13,0,0,1,1,0.0000,10.4213,10.3809,1
971,1403715935.134057999,3.7830,3.7545,0.1502,2,4,0,0,0,2,0.0000,0.2420,0.2025,1
972,1403715935.184058189,14.1108,14.0978,7.8061,2,13,0,0,1,1,0.0000,10.5224,10.4837,1
973,1403715935.234058142,3.9456,3.8220,0.1841,2,4,0,0,0,2,0.0000,0.3020,0.2495,1
974,1403715935.284058094,4.1435,4.0221,0.2842,2,4,0,0,0,2,0.0000,0.4138,0.3650,1
975,1403715935.334058046,3.7662,3.7527,0.3769,2,4,0,0,0,2,0.0000,0.5275,0.4793,1
976,1403715935.384058237,13.7099,13.7018,7.6897,2,13,0,0,1,1,0.0000,10.4450,10.3907,1
977,1403715935.434058189,4.0917,3.9895,0.2110,2,4,0,0,0,2,0.0000,0.3415,0.2808,1
978,1403715935.484058142,3.8921,3.8825,0.2820,2,4,0,0,0,2,0.0000,0.4109,0.3613,1
979,1403715935.534058094,3.7081,3.7108,0.3319,2,4,0,0,0,2,0.0000,0.4715,0.4252,1
980,1403715935.584058285,13.9003,13.8976,7.8909,2,13,0,0,1,1,0.0000,10.6586,10.6121,1
981,1403715935.634057999,3.5117,3.5152,0.2162,2,4,0,0,0,2,0.0000,0.3501,0.2880,1
982,1403715935.684058189,3.5988,3.5811,0.3090,2,4,0,0,0,2,0.0000,0.4625,0.4070,1
983,1403715935.734058142,3.9469,3.9421,0.3862,2,4,0,0,0,2,0.0000,0.5471,0.4897,1
984,1403715935.784058094,13.9892,13.9801,7.8361,2,13,0,0,1,1,0.0000,10.6080,10.5437,1
985,1403715935.834058046,3.8878,3.8525,0.2141,2,4,0,0,0,2,0.0000,0.3479,0.2924,1
986,1403715935.884058237,3.9302,3.9075,0.3040,2,4,0,0,0,2,0.0000,0.4535,0.3982,1
987,1403715935.934058189,4.2305,4.2045,0.4420,2,4,0,0,0,2,0.0000,0.6325,0.5654,1
988,1403715935.984058142,14.2735,14.2590,7.9880,2,13,0,0,1,1,0.0000,10.7625,10.6977,1
989,1403715936.034058094,3.9872,3.9403,0.2077,2,4,0,0,0,2,0.0000,0.3390,0.2783,1
990,1403715936.084058285,4.3692,4.3281,0.2830,2,4,0,0,0,2,0.0000,0.4246,0.3625,1
991,1403715936.134057999,17.3492,17.3027,11.0488,2,6,1,0,0,1,0.0000,13.7407,13.6868,1
992,1403715936.184058189,13.6170,13.5885,7.5042,2,13,0,0,1,1,0.0000,10.1235,10.0695,1
993,1403715936.234058142,16.7701,16.7381,10.7899,2,6,1,0,0,1,0.0000,13.2684,13.2168,1
994,1403715936.284058094,13.3990,13.3757,7.2649,2,13,0,0,1,1,0.0000,10.0355,9.9746,1
995,1403715936.334058046,3.7327,3.6643,0.1760,2,3,0,0,0,2,0.0000,0.3000,0.2423,1
996,1403715936.384058237,13.9101,13.8635,7.5462,2,13,0,0,1,1,0.0000,10.3153,10.2688,1
997,1403715936.434058189,3.6991,3.6849,0.2351,2,4,0,0,0,2,0.0000,0.3993,0.3377,1
998,1403715936.484058142,3.8762,3.8603,0.3428,2,4,0,0,0,2,0.0000,0.5017,0.4457,1
999,1403715936.534058094,4.0028,3.9948,0.4849,2,4,0,0,0,2,0.0000,0.6913,0.6179,1
1000,1403715936.584058285,13.7763,13.7055,7.5459,2,13,0,0,1,1,0.0000,10.4300,10.3676,1
1001,1403715936.634057999,3.7310,3.7233,0.2730,2,4,0,0,0,2,0.0000,0.4342,0.3624,1
1002,1403715936.684058189,4.1683,4.0896,0.3889,2,4,0,0,0,2,0.0000,0.5650,0.5065,1
1003,1403715936.734058142,4.2259,4.1809,0.6070,2,4,0,0,0,2,0.0000,0.8272,0.7631,1
1004,1403715936.784058094,13.9705,13.9529,7.6749,2,13,0,0,1,1,0.0000,10.5617,10.5002,1
1005,1403715936.834058046,3.6983,3.7019,0.2642,2,4,0,0,0,2,0.0000,0.4092,0.3521,1
1006,1403715936.884058237,4.2367,4.2031,0.4249,2,4,0,0,0,2,0.0000,0.6272,0.5583,1
1007,1403715936.934058189,4.6463,4.6325,0.5419,2,4,0,0,0,2,0.0000,0.7650,0.7014,1
1008,1403715936.984058142,14.7422,14.7191,8.3230,2,13,0,0,1,1,0.0000,11.1783,11.1051,1
1009,1403715937.034058094,3.8047,3.7908,0.2530,2,4,0,0,0,2,0.0000,0.4030,0.3375,1
1010,1403715937.084058285,4.2099,4.2011,0.3788,2,4,0,0,0,2,0.0000,0.5599,0.4920,1
1011,1403715937.134057999,4.4648,4.3531,0.4799,2,4,0,0,0,2,0.0000,0.6852,0.6157,1
1012,1403715937.184058189,18.2092,18.1975,11.7068,2,6,1,0,0,1,0.0000,14.7014,14.6284,1
1013,1403715937.234058142,4.2655,4.2420,0.2041,2,3,0,0,0,2,0.0000,0.3494,0.2839,1
1014,1403715937.284058094,4.0067,4.0066,0.3781,2,4,0,0,0,2,0.0000,0.5559,0.4922,1
1015,1403715937.334058046,4.3933,4.3971,0.5150,2,4,0,0,0,2,0.0000,0.7377,0.6622,1
1016,1403715937.384058237,18.8250,18.8062,12.2800,2,6,1,0,0,1,0.0000,15.3117,15.2449,1
1017,1403715937.434058189,3.7474,3.7513,0.2122,2,3,0,0,0,2,0.0000,0.3597,0.2930,1
1018,1403715937.484058142,4.2686,4.2500,0.3560,2,4,0,0,0,2,0.0000,0.5352,0.4655,1
1019,1403715937.534058094,4.4350,4.4388,0.4451,2,4,0,0,0,2,0.0000,0.6339,0.5737,1
1020,1403715937.584058285,19.4876,19.4535,13.0491,2,6,1,0,0,1,0.0000,16.0880,16.0207,1
1021,1403715937.634057999,3.6068,3.6106,0.2556,2,4,0,0,0,2,0.0000,0.4039,0.3380,1
1022,1403715937.684058189,3.9600,3.8700,0.3667,2,4,0,0,0,2,0.0000,0.5393,0.4760,1
1023,1403715937.734058142,4.2484,4.2378,0.4361,2,4,0,0,0,2,0.0000,0.6101,0.5530,1
1024,1403715937.784058094,16.6794,16.5166,9.6991,2,13,0,0,1,1,0.0000,12.8858,12.8214,1
1025,1403715937.834058046,3.9707,3.8945,0.2229,2,4,0,0,0,2,0.0000,0.3657,0.3005,1
1026,1403715937.884058237,3.9852,3.9746,0.3443,2,4,0,0,0,2,0.0000,0.5076,0.4438,1
1027,1403715937.934058189,4.3838,4.3148,0.4659,2,4,0,0,0,2,0.0000,0.6589,0.5881,1
1028,1403715937.984058142,16.2997,16.2313,9.5429,2,13,0,0,1,1,0.0000,12.7065,12.6359,1
1029,1403715938.034058094,4.1883,4.1474,0.2689,2,4,0,0,0,2,0.0000,0.4250,0.3625,1
1030,1403715938.084058285,4.1846,4.1883,0.3848,2,4,0,0,0,2,0.0000,0.5731,0.5068,1
1031,1403715938.134057999,4.2894,4.2797,0.4790,2,4,0,0,0,2,0.0000,0.6883,0.6199,1
1032,1403715938.184058189,16.2299,16.2248,9.2940,2,13,0,0,1,1,0.0000,12.4705,12.4065,1
1033,1403715938.234058142,3.8377,3.8355,0.2458,2,4,0,0,0,2,0.0000,0.3882,0.3330,1
1034,1403715938.284058094,4.0506,4.0455,0.3707,2,4,0,0,0,2,0.0000,0.5468,0.4848,1
1035,1403715938.334058046,4.0173,4.0179,0.4301,2,4,0,0,0,2,0.0000,0.6107,0.5601,1
1036,1403715938.384058237,15.4815,15.4851,8.9321,2,13,0,0,1,1,0.0000,11.9947,11.9401,1
1037,1403715938.434058189,4.2352,4.1801,0.2310,2,4,0,0,0,2,0.0000,0.3744,0.3117,1
1038,1403715938.484058142,3.9128,3.8529,0.3071,2,4,0,0,0,2,0.0000,0.4588,0.3996,1
1039,1403715938.534058094,3.9839,3.9905,0.3650,2,4,0,0,0,2,0.0000,0.5236,0.4713,1
1040,1403715938.584058285,15.1841,15.1877,8.6682,2,13,0,0,1,1,0.0000,11.7916,11.7375,1
1041,1403715938.634057999,3.7750,3.7642,0.2260,2,4,0,0,0,2,0.0000,0.3630,0.3064,1
1042,1403715938.684058189,4.2400,4.1002,0.3324,2,4,0,0,0,2,0.0000,0.5030,0.4389,1
1043,1403715938.734058142,4.0341,4.0281,0.4079,2,4,0,0,0,2,0.0000,0.5880,0.5305,1
1044,1403715938.784058094,15.0890,15.0894,8.4860,2,13,0,0,1,1,0.0000,11.5607,11.5040,1
1045,1403715938.834058046,3.9118,3.8728,0.2618,2,4,0,0,0,2,0.0000,0.4067,0.3538,1
1046,1403715938.884058237,3.8636,3.8651,0.3309,2,4,0,0,0,2,0.0000,0.4936,0.4408,1
1047,1403715938.934058189,4.1278,4.1067,0.4449,2,4,0,0,0,2,0.0000,0.6265,0.5754,1
1048,1403715938.984058142,14.5619,14.4702,8.2259,2,13,0,0,1,1,0.0000,11.2820,11.2294,1
1049,1403715939.034058094,3.5884,3.5921,0.2172,2,4,0,0,0,2,0.0000,0.3525,0.3002,1
1050,1403715939.084058285,3.7934,3.7822,0.3512,2,4,0,0,0,2,0.0000,0.5120,0.4586,1
1051,1403715939.134057999,4.2354,4.1472,0.4001,2,4,0,0,0,2,0.0000,0.5668,0.5168,1
1052,1403715939.184058189,14.7651,14.7645,8.0011,2,13,0,0,1,1,0.0000,10.9806,10.9353,1
1053,1403715939.234058142,4.1023,4.0983,0.1988,2,4,0,0,0,2,0.0000,0.3187,0.2690,1
1054,1403715939.284058094,4.3243,4.3123,0.2892,2,4,0,0,0,2,0.0000,0.4303,0.3782,1
1055,1403715939.334058046,4.2230,4.2198,0.3428,2,4,0,0,0,2,0.0000,0.4955,0.4483,1
1056,1403715939.384058237,14.8472,14.8433,8.0929,2,13,0,0,1,1,0.0000,11.1104,11.0605,1
1057,1403715939.434058189,3.9383,3.9393,0.1993,2,4,0,0,0,2,0.0000,0.3220,0.2712,1
1058,1403715939.484058142,3.8283,3.8218,0.2971,2,4,0,0,0,2,0.0000,0.4404,0.3889,1
1059,1403715939.534058094,3.9513,3.9308,0.3521,2,4,0,0,0,2,0.0000,0.4955,0.4504,1
1060,1403715939.584058285,17.9162,17.9147,11.4670,2,6,1,0,0,1,0.0000,14.5318,14.4644,1
1061,1403715939.634057999,3.8941,3.8733,0.2222,2,4,0,0,0,2,0.0000,0.3488,0.3010,1
1062,1403715939.684058189,3.8334,3.8323,0.3209,2,4,0,0,0,2,0.0000,0.4711,0.4165,1
1063,1403715939.734058142,3.9406,3.9440,0.3879,2,4,0,0,0,2,0.0000,0.5466,0.4965,1
1064,1403715939.784058094,14.4388,14.4422,8.0199,2,13,0,0,1,1,0.0000,11.0492,10.9960,1
1065,1403715939.834058046,3.6117,3.6151,0.2182,2,4,0,0,0,2,0.0000,0.3478,0.2974,1
1066,1403715939.884058237,3.8105,3.7985,0.3002,2,4,0,0,0,2,0.0000,0.4451,0.3972,1
1067,1403715939.934058189,3.8635,3.8301,0.3669,2,4,0,0,0,2,0.0000,0.5299,0.4825,1
1068,1403715939.984058142,14.3940,14.3976,8.1561,2,13,0,0,1,1,0.0000,11.1952,11.1470,1
1069,1403715940.034058094,3.7594,3.7541,0.2100,2,4,0,0,0,2,0.0000,0.3299,0.2812,1
1070,1403715940.084058285,4.0045,3.9729,0.2611,2,4,0,0,0,2,0.0000,0.3932,0.3465,1
1071,1403715940.134057999,3.9021,3.8890,0.3731,2,4,0,0,0,2,0.0000,0.5332,0.4817,1
1072,1403715940.184058189,14.5299,14.5184,7.9253,2,13,0,0,1,1,0.0000,10.9170,10.8670,1
1073,1403715940.234058142,3.8231,3.8201,0.1812,2,4,0,0,0,2,0.0000,0.2986,0.2427,1
1074,1403715940.284058094,3.7646,3.7512,0.2642,2,4,0,0,0,2,0.0000,0.3967,0.3462,1
1075,1403715940.334058046,4.2295,4.2311,0.3524,2,4,0,0,0,2,0.0000,0.5079,0.4531,1
1076,1403715940.384058237,14.4490,14.4510,7.8418,2,13,0,0,1,1,0.0000,10.8497,10.8020,1
1077,1403715940.434058189,4.0234,4.0166,0.1810,2,4,0,0,0,2,0.0000,0.3000,0.2450,1
1078,1403715940.484058142,4.6369,4.6074,0.2830,2,4,0,0,0,2,0.0000,0.4311,0.3706,1
1079,1403715940.534058094,4.8839,4.8483,0.3951,2,4,0,0,0,2,0.0000,0.5703,0.5069,1
1080,1403715940.584058285,14.8349,14.7490,7.8938,2,13,0,0,1,1,0.0000,10.8940,10.8439,1
1081,1403715940.634057999,3.9248,3.9042,0.1791,2,4,0,0,0,2,0.0000,0.2903,0.2421,1
1082,1403715940.684058189,3.8747,3.8765,0.2899,2,4,0,0,0,2,0.0000,0.4246,0.3724,1
1083,1403715940.734058142,3.8252,3.8295,0.3581,2,4,0,0,0,2,0.0000,0.5107,0.4545,1
1084,1403715940.784058094,14.0567,14.0600,7.7450,2,13,0,0,1,1,0.0000,10.8307,10.7806,1
1085,1403715940.834058046,3.6382,3.6416,0.2260,2,4,0,0,0,2,0.0000,0.3613,0.3069,1
1086,1403715940.884058237,3.8575,3.8587,0.3188,2,4,0,0,0,2,0.0000,0.4640,0.4178,1
1087,1403715940.934058189,4.5306,4.5017,0.3951,2,4,0,0,0,2,0.0000,0.5510,0.5058,1
1088,1403715940.984058142,14.5481,14.5468,7.7460,2,13,0,0,1,1,0.0000,10.6651,10.6231,1
1089,1403715941.034058094,4.2690,4.2245,0.1550,2,4,0,0,0,2,0.0000,0.2618,0.2065,1
1090,1403715941.084058285,14.6272,14.6135,7.4959,2,13,0,0,1,1,0.0000,10.4091,10.3615,1
1091,1403715941.134057999,4.2700,4.2714,0.1740,2,4,0,0,0,2,0.0000,0.2841,0.2335,1
1092,1403715941.184058189,4.4055,4.3953,0.2611,2,4,0,0,0,2,0.0000,0.3816,0.3379,1
1093,1403715941.234058142,4.2646,4.2683,0.3097,2,4,0,0,0,2,0.0000,0.4442,0.4007,1
1094,1403715941.284058094,13.9327,13.9365,7.4060,2,13,0,0,1,1,0.0000,10.3101,10.2711,1
1095,1403715941.334058046,4.0772,4.0732,0.1647,2,4,0,0,0,2,0.0000,0.2584,0.2238,1
1096,1403715941.384058237,4.1400,4.0476,0.2379,2,4,0,0,0,2,0.0000,0.3465,0.3084,1
1097,1403715941.434058189,4.0309,4.0345,0.3009,2,4,0,0,0,2,0.0000,0.4127,0.3814,1
1098,1403715941.484058142,13.7788,13.7823,7.4263,2,13,0,0,1,1,0.0000,10.2911,10.2588,1
1099,1403715941.534058094,3.6116,3.6135,0.1509,2,4,0,0,0,2,0.0000,0.2475,0.2060,1
1100,1403715941.584058285,3.7147,3.6991,0.2460,2,4,0,0,0,2,0.0000,0.3630,0.3162,1
1101,1403715941.634057999,3.5840,3.5877,0.2871,2,4,0,0,0,2,0.0000,0.3958,0.3644,1
1102,1403715941.684058189,13.8467,13.8338,7.6668,2,13,0,0,1,1,0.0000,10.5395,10.4884,1
1103,1403715941.734058142,3.7785,3.7783,0.1640,2,4,0,0,0,2,0.0000,0.2628,0.2233,1
1104,1403715941.784058094,4.0961,4.0092,0.2398,2,4,0,0,0,2,0.0000,0.3555,0.3133,1
1105,1403715941.834058046,4.1391,4.0785,0.3111,2,4,0,0,0,2,0.0000,0.4439,0.3950,1
1106,1403715941.884058237,13.9089,13.8539,7.6330,2,13,0,0,1,1,0.0000,10.4347,10.3873,1
1107,1403715941.934058189,3.8786,3.8336,0.1740,2,4,0,0,0,2,0.0000,0.2802,0.2360,1
1108,1403715941.984058142,4.0285,4.0197,0.2420,2,4,0,0,0,2,0.0000,0.3596,0.3139,1
1109,1403715942.034058094,4.0162,4.0050,0.3099,2,4,0,0,0,2,0.0000,0.4291,0.3912,1
1110,1403715942.084058285,14.2376,14.2202,7.5333,2,13,0,0,1,1,0.0000,10.2977,10.2597,1
1111,1403715942.134057999,14.2626,14.2073,7.5731,2,13,0,0,1,1,0.0000,10.3184,10.2632,1
1112,1403715942.184058189,3.9227,3.9114,0.1972,2,4,0,0,0,2,0.0000,0.3199,0.2662,1
1113,1403715942.234058142,18.0983,18.0870,11.2741,2,6,1,0,0,1,0.0000,13.9474,13.9080,1
1114,1403715942.284058094,20.8015,20.7794,11.9450,2,6,1,0,0,1,0.0000,16.9271,16.8600,1
1115,1403715942.334058046,4.2242,4.2023,0.2239,2,3,0,0,0,2,0.0000,0.3695,0.3158,1
1116,1403715942.384058237,4.4842,4.4820,0.3600,2,4,0,0,0,2,0.0000,0.5188,0.4688,1
1117,1403715942.434058189,4.4344,4.4379,0.4652,2,4,0,0,0,2,0.0000,0.6578,0.5993,1
1118,1403715942.484058142,18.2123,18.2070,11.2970,2,6,1,0,0,1,0.0000,14.1299,14.0768,1
1119,1403715942.534058094,4.2525,4.2503,0.2213,2,4,0,0,0,2,0.0000,0.3470,0.3022,1
1120,1403715942.584058285,4.5125,4.4876,0.3240,2,4,0,0,0,2,0.0000,0.4829,0.4266,1
1121,1403715942.634057999,4.5679,4.5315,0.4110,2,4,0,0,0,2,0.0000,0.5822,0.5258,1
1122,1403715942.684058189,14.2154,14.2190,7.7620,2,13,0,0,1,1,0.0000,10.5486,10.4938,1
1123,1403715942.734058142,4.0500,4.0423,0.2081,2,4,0,0,0,2,0.0000,0.3312,0.2815,1
1124,1403715942.784058094,3.8249,3.7956,0.2999,2,4,0,0,0,2,0.0000,0.4403,0.3905,1
1125,1403715942.834058046,4.0870,4.0697,0.3941,2,4,0,0,0,2,0.0000,0.5787,0.5005,1
1126,1403715942.884058237,14.1517,14.1480,8.0442,2,13,0,0,1,1,0.0000,10.7889,10.7413,1
1127,1403715942.934058189,3.7066,3.6840,0.1438,2,4,0,0,0,2,0.0000,0.2520,0.1982,1
1128,1403715942.984058142,3.6810,3.6817,0.2692,2,4,0,0,0,2,0.0000,0.4064,0.3490,1
1129,1403715943.034058094,3.8676,3.8475,0.3278,2,4,0,0,0,2,0.0000,0.4738,0.4232,1
1130,1403715943.084058285,14.7012,14.6817,8.4820,2,13,0,0,1,1,0.0000,11.2840,11.2224,1
1131,1403715943.134057999,3.8260,3.8020,0.1760,2,4,0,0,0,2,0.0000,0.2909,0.2377,1
1132,1403715943.184058189,4.5271,4.4927,0.2961,2,4,0,0,0,2,0.0000,0.4391,0.3822,1
1133,1403715943.234058142,4.5880,4.4954,0.3560,2,4,0,0,0,2,0.0000,0.5103,0.4574,1
1134,1403715943.284058094,14.7980,14.7852,8.2469,2,13,0,0,1,1,0.0000,10.8237,10.7737,1
1135,1403715943.334058046,4.4547,4.4328,0.1419,2,4,0,0,0,2,0.0000,0.2425,0.1930,1
1136,1403715943.384058237,4.4130,4.4130,0.2298,2,4,0,0,0,2,0.0000,0.3450,0.2955,1
1137,1403715943.434058189,18.4249,18.3940,11.8411,2,6,1,0,0,1,0.0000,14.4027,14.3568,1
1138,1403715943.484058142,4.2191,4.2185,0.1869,2,4,0,0,0,2,0.0000,0.2995,0.2516,1
1139,1403715943.534058094,4.2100,4.2136,0.2608,2,4,0,0,0,2,0.0000,0.3833,0.3362,1
1140,1403715943.584058285,4.3495,4.3448,0.3371,2,4,0,0,0,2,0.0000,0.4726,0.4314,1
1141,1403715943.634057999,17.8578,17.8577,11.6088,2,6,1,0,0,1,0.0000,14.2411,14.1912,1
1142,1403715943.684058189,4.1675,4.1740,0.2220,2,4,0,0,0,2,0.0000,0.3448,0.3022,1
1143,1403715943.734058142,4.3240,4.3164,0.3381,2,4,0,0,0,2,0.0000,0.4921,0.4432,1
1144,1403715943.784058094,4.3049,4.2943,0.4320,2,4,0,0,0,2,0.0000,0.6099,0.5591,1
1145,1403715943.834058046,14.2480,14.2515,8.0290,2,13,0,0,1,1,0.0000,10.6583,10.6140,1
1146,1403715943.884058237,4.1815,4.1538,0.2348,2,4,0,0,0,2,0.0000,0.3652,0.3183,1
1147,1403715943.934058189,4.0112,4.0088,0.3490,2,4,0,0,0,2,0.0000,0.5027,0.4562,1
1148,1403715943.984058142,4.5586,4.5514,0.4368,2,4,0,0,0,2,0.0000,0.6170,0.5661,1
1149,1403715944.034058094,18.2744,18.2219,11.5330,2,6,1,0,0,1,0.0000,14.3943,14.3441,1
1150,1403715944.084058285,4.5041,4.4683,0.2151,2,4,0,0,0,2,0.0000,0.3427,0.2931,1
1151,1403715944.134057999,4.4201,4.4234,0.3009,2,4,0,0,0,2,0.0000,0.4410,0.3924,1
1152,1403715944.184058189,4.8181,4.7989,0.3898,2,4,0,0,0,2,0.0000,0.5498,0.4997,1
1153,1403715944.234058142,14.4359,14.4062,7.5810,2,13,0,0,1,1,0.0000,10.4235,10.3828,1
1154,1403715944.284058094,4.1073,4.1107,0.1600,2,4,0,0,0,2,0.0000,0.2608,0.2148,1
1155,1403715944.334058046,4.4302,4.4173,0.2620,2,4,0,0,0,2,0.0000,0.3883,0.3362,1
1156,1403715944.384058237,4.0955,4.0991,0.3452,2,4,0,0,0,2,0.0000,0.4851,0.4344,1
1157,1403715944.434058189,14.1102,14.0418,7.5231,2,13,0,0,1,1,0.0000,10.4523,10.4147,1
1158,1403715944.484058142,4.0607,4.0303,0.1888,2,4,0,0,0,2,0.0000,0.3035,0.2544,1
1159,1403715944.534058094,3.8449,3.8331,0.2601,2,4,0,0,0,2,0.0000,0.3837,0.3387,1
1160,1403715944.584058285,3.8361,3.8321,0.3581,2,4,0,0,0,2,0.0000,0.5084,0.4590,1
1161,1403715944.634057999,15.0134,14.8039,7.8170,2,13,0,0,1,1,0.0000,10.8665,10.8120,1
1162,1403715944.684058189,3.7629,3.7345,0.2551,2,4,0,0,0,2,0.0000,0.4026,0.3461,1
1163,1403715944.734058142,3.8171,3.8104,0.3059,2,4,0,0,0,2,0.0000,0.4623,0.4099,1
1164,1403715944.784058094,3.9121,3.9108,0.4213,2,4,0,0,0,2,0.0000,0.5986,0.5453,1
1165,1403715944.834058046,14.7584,14.7398,8.1899,2,13,0,0,1,1,0.0000,11.2534,11.2067,1
1166,1403715944.884058237,3.9360,3.8806,0.1798,2,4,0,0,0,2,0.0000,0.2965,0.2380,1
1167,1403715944.934058189,14.5772,14.5800,8.0070,2,13,0,0,1,1,0.0000,10.9322,10.8869,1
1168,1403715944.984058142,14.2647,14.2495,7.5898,2,13,0,0,1,1,0.0000,10.4575,10.4102,1
1169,1403715945.034058094,14.5469,14.5147,7.7689,2,13,0,0,1,1,0.0000,10.6152,10.5730,1
1170,1403715945.084058285,14.7586,14.7212,8.1038,2,13,0,0,1,1,0.0000,10.9438,10.9003,1
1171,1403715945.134057999,3.7040,3.6811,0.1349,2,3,0,0,0,2,0.0000,0.2261,0.1877,1
1172,1403715945.184058189,14.4369,14.4380,8.2111,2,13,0,0,1,1,0.0000,11.0508,11.0091,1
1173,1403715945.234058142,14.0769,14.0640,7.7591,2,13,0,0,1,1,0.0000,10.4179,10.3845,1
1174,1403715945.284058094,13.7364,13.7260,7.7009,2,13,0,0,1,1,0.0000,10.3157,10.2775,1
1175,1403715945.334058046,3.7828,3.7467,0.1540,2,3,0,0,0,2,0.0000,0.2524,0.2126,1
1176,1403715945.384058237,14.5093,14.4567,7.9722,2,13,0,0,1,1,0.0000,10.6993,10.6590,1
1177,1403715945.434058189,3.7349,3.7036,0.1521,2,4,0,0,0,2,0.0000,0.2397,0.2020,1
1178,1403715945.484058142,14.7518,14.7373,8.2710,2,13,0,0,1,1,0.0000,11.0380,10.9845,1
1179,1403715945.534058094,3.7432,3.7415,0.1731,2,4,0,0,0,2,0.0000,0.2687,0.2306,1
1180,1403715945.584058285,3.8057,3.8068,0.2661,2,4,0,0,0,2,0.0000,0.3850,0.3405,1
1181,1403715945.634057999,4.1742,4.1730,0.3500,2,4,0,0,0,2,0.0000,0.4759,0.4435,1
1182,1403715945.684058189,14.4288,14.4253,8.1561,2,13,0,0,1,1,0.0000,10.7083,10.6688,1
1183,1403715945.734058142,3.8000,3.7996,0.1590,2,4,0,0,0,2,0.0000,0.2499,0.2121,1
1184,1403715945.784058094,3.9911,3.9770,0.2432,2,4,0,0,0,2,0.0000,0.3477,0.3111,1
1185,1403715945.834058046,14.4805,14.4706,8.1420,2,13,0,0,1,1,0.0000,10.8209,10.7808,1
1186,1403715945.884058237,3.8232,3.8183,0.1998,2,4,0,0,0,2,0.0000,0.3106,0.2641,1
1187,1403715945.934058189,4.0187,3.9827,0.2732,2,4,0,0,0,2,0.0000,0.4002,0.3525,1
1188,1403715945.984058142,3.7017,3.7037,0.3560,2,4,0,0,0,2,0.0000,0.4993,0.4544,1
1189,1403715946.034058094,14.4902,14.4507,8.0552,2,13,0,0,1,1,0.0000,10.8289,10.7646,1
1190,1403715946.084058285,3.9307,3.9216,0.2210,2,4,0,0,0,2,0.0000,0.3531,0.2996,1
1191,1403715946.134057999,4.5005,4.3380,0.3409,2,4,0,0,0,2,0.0000,0.5030,0.4381,1
1192,1403715946.184058189,4.1455,4.1440,0.4048,2,4,0,0,0,2,0.0000,0.5721,0.5170,1
1193,1403715946.234058142,15.0078,14.9277,8.2979,2,13,0,0,1,1,0.0000,11.1917,11.1313,1
1194,1403715946.284058094,3.9803,3.9446,0.2680,2,4,0,0,0,2,0.0000,0.4146,0.3590,1
1195,1403715946.334058046,4.0265,4.0127,0.3839,2,4,0,0,0,2,0.0000,0.5605,0.5020,1
1196,1403715946.384058237,3.7822,3.7774,0.4079,2,4,0,0,0,2,0.0000,0.5742,0.5268,1
1197,1403715946.434058189,14.0132,13.9187,7.9038,2,13,0,0,1,1,0.0000,10.6689,10.6247,1
1198,1403715946.484058142,3.9965,3.9923,0.1872,2,4,0,0,0,2,0.0000,0.2987,0.2495,1
1199,1403715946.534058094,3.9790,3.9788,0.2561,2,4,0,0,0,2,0.0000,0.3710,0.3286,1
1200,1403715946.584058285,4.4945,4.4895,0.3383,2,4,0,0,0,2,0.0000,0.4650,0.4254,1
1201,1403715946.634057999,15.0045,14.9697,8.2357,2,13,0,0,1,1,0.0000,11.1729,11.1292,1
1202,1403715946.684058189,4.1427,4.0885,0.1521,2,4,0,0,0,2,0.0000,0.2488,0.2066,1
1203,1403715946.734058142,14.5776,14.5122,7.9939,2,13,0,0,1,1,0.0000,10.8637,10.8338,1
1204,1403715946.784058094,13.7958,13.7664,7.7178,2,13,0,0,1,1,0.0000,10.4964,10.4516,1
1205,1403715946.834058046,3.4878,3.4865,0.1831,2,4,0,0,0,2,0.0000,0.2980,0.2483,1
1206,1403715946.884058237,14.0280,14.0125,7.7422,2,13,0,0,1,1,0.0000,10.6539,10.6223,1
1207,1403715946.934058189,13.7790,13.7577,7.6771,2,13,0,0,1,1,0.0000,10.5361,10.4739,1
1208,1403715946.984058142,3.6458,3.6304,0.2098,2,3,0,0,0,2,0.0000,0.3411,0.2889,1
1209,1403715947.034058094,13.4112,13.4082,7.4880,2,13,0,0,1,1,0.0000,10.1969,10.1637,1
1210,1403715947.084058285,13.7468,13.7360,7.7341,2,13,0,0,1,1,0.0000,10.5351,10.4848,1
1211,1403715947.134057999,3.5673,3.5659,0.1991,2,4,0,0,0,2,0.0000,0.3080,0.2675,1
1212,1403715947.184058189,13.7867,13.7761,7.8919,2,13,0,0,1,1,0.0000,10.5810,10.5454,1
1213,1403715947.234058142,3.6981,3.6579,0.1690,2,4,0,0,0,2,0.0000,0.2728,0.2260,1
1214,1403715947.284058094,3.8637,3.7352,0.2751,2,4,0,0,0,2,0.0000,0.4103,0.3575,1
1215,1403715947.334058046,4.0158,3.9811,0.3710,2,4,0,0,0,2,0.0000,0.5316,0.4771,1
1216,1403715947.384058237,14.7782,14.7468,8.2710,2,13,0,0,1,1,0.0000,11.0671,11.0174,1
1217,1403715947.434058189,3.8630,3.8474,0.2198,2,4,0,0,0,2,0.0000,0.3470,0.2931,1
1218,1403715947.484058142,3.9252,3.9293,0.2882,2,4,0,0,0,2,0.0000,0.4249,0.3784,1
1219,1403715947.534058094,4.4358,4.3601,0.3860,2,4,0,0,0,2,0.0000,0.5428,0.4945,1
1220,1403715947.584058285,14.1946,14.1648,7.9801,2,13,0,0,1,1,0.0000,10.6333,10.5840,1
1221,1403715947.634057999,3.7487,3.7377,0.1731,2,4,0,0,0,2,0.0000,0.2835,0.2362,1
1222,1403715947.684058189,13.8208,13.7900,7.7641,2,13,0,0,1,1,0.0000,10.3058,10.2595,1
1223,1403715947.734058142,3.8546,3.8024,0.1469,2,4,0,0,0,2,0.0000,0.2551,0.1994,1
1224,1403715947.784058094,13.8591,13.8560,7.7851,2,13,0,0,1,1,0.0000,10.4426,10.3935,1
1225,1403715947.834058046,3.7876,3.7832,0.2129,2,4,0,0,0,2,0.0000,0.3387,0.2846,1
1226,1403715947.884058237,4.0460,4.0371,0.2890,2,4,0,0,0,2,0.0000,0.4262,0.3760,1
1227,1403715947.934058189,14.2136,14.1229,7.7221,2,13,0,0,1,1,0.0000,10.3377,10.3046,1
1228,1403715947.984058142,14.1233,14.1236,8.0631,2,13,0,0,1,1,0.0000,10.8816,10.8128,1
1229,1403715948.034058094,3.9976,3.9733,0.2379,2,3,0,0,0,2,0.0000,0.3961,0.3346,1
1230,1403715948.084058285,3.9930,3.9422,0.4108,2,4,0,0,0,2,0.0000,0.5857,0.5305,1
1231,1403715948.134057999,4.2513,4.2413,0.5391,2,4,0,0,0,2,0.0000,0.7591,0.6905,1
1232,1403715948.184058189,14.4468,14.4430,8.2450,2,13,0,0,1,1,0.0000,11.0733,11.0137,1
1233,1403715948.234058142,3.7748,3.7696,0.2191,2,3,0,0,0,2,0.0000,0.3686,0.3055,1
1234,1403715948.284058094,4.2438,4.2440,0.4981,2,5,0,0,0,2,0.0000,0.6855,0.6235,1
1235,1403715948.334058046,4.4243,4.2912,0.6819,2,5,0,0,0,2,0.0000,0.8904,0.8366,1
1236,1403715948.384058237,14.5301,14.5282,8.2800,2,13,0,0,1,1,0.0000,10.9405,10.8889,1
1237,1403715948.434058189,4.1683,4.1578,0.2809,2,4,0,0,0,2,0.0000,0.4318,0.3718,1
1238,1403715948.484058142,4.0990,4.0992,0.3390,2,4,0,0,0,2,0.0000,0.4898,0.4413,1
1239,1403715948.534058094,4.3507,4.3524,0.4539,2,4,0,0,0,2,0.0000,0.6298,0.5857,1
1240,1403715948.584058285,13.9805,13.9842,8.1661,2,13,0,0,1,1,0.0000,10.7774,10.7317,1
1241,1403715948.634057999,3.5804,3.5841,0.1891,2,4,0,0,0,2,0.0000,0.3062,0.2590,1
1242,1403715948.684058189,3.7316,3.7251,0.2658,2,4,0,0,0,2,0.0000,0.3765,0.3425,1
1243,1403715948.734058142,14.3012,14.2765,8.5223,2,13,0,0,1,1,0.0000,11.1561,11.1092,1
1244,1403715948.784058094,3.5735,3.5773,0.1838,2,4,0,0,0,2,0.0000,0.2962,0.2478,1
1245,1403715948.834058046,13.9064,13.8885,8.1379,2,13,0,0,1,1,0.0000,10.5546,10.5210,1
1246,1403715948.884058237,3.2952,3.2988,0.1621,2,4,0,0,0,2,0.0000,0.2688,0.2145,1
1247,1403715948.934058189,17.7135,17.7069,11.6718,2,6,1,0,0,1,0.0000,14.5926,14.5466,1
1248,1403715948.984058142,3.4747,3.4786,0.1929,2,4,0,0,0,2,0.0000,0.2909,0.2548,1
1249,1403715949.034058094,3.5087,3.5085,0.2570,2,4,0,0,0,2,0.0000,0.3812,0.3306,1
1250,1403715949.084058285,14.3800,14.3837,8.3902,2,13,0,0,1,1,0.0000,11.3035,11.2534,1
1251,1403715949.134057999,3.8222,3.7822,0.1459,2,4,0,0,0,2,0.0000,0.2296,0.1972,1
1252,1403715949.184058189,14.3309,14.3300,8.2819,2,13,0,0,1,1,0.0000,11.0960,11.0488,1
1253,1403715949.234058142,3.3245,3.3284,0.1562,2,4,0,0,0,2,0.0000,0.2485,0.2134,1
1254,1403715949.284058094,14.2641,14.2606,8.3439,2,13,0,0,1,1,0.0000,11.2175,11.1832,1
1255,1403715949.334058046,14.5069,14.4929,8.0290,2,13,0,0,1,1,0.0000,10.8967,10.8624,1
1256,1403715949.384058237,14.3312,14.3359,8.0192,2,13,0,0,1,1,0.0000,10.8753,10.8376,1
1257,1403715949.434058189,14.0851,14.0624,7.7460,2,13,0,0,1,1,0.0000,10.4370,10.4092,1
1258,1403715949.484058142,13.9273,13.8690,7.8580,2,13,0,0,1,1,0.0000,10.5537,10.5039,1
1259,1403715949.534058094,3.5313,3.5227,0.1731,2,3,0,0,0,2,0.0000,0.2883,0.2476,1
1260,1403715949.584058285,4.2005,4.0841,0.3202,2,4,0,0,0,2,0.0000,0.4486,0.4102,1
1261,1403715949.634057999,4.0303,4.0075,0.3951,2,4,0,0,0,2,0.0000,0.5570,0.5075,1
1262,1403715949.684058189,14.0911,14.0772,7.8959,2,13,0,0,1,1,0.0000,10.6671,10.6262,1
1263,1403715949.734058142,3.9209,3.8767,0.2561,2,4,0,0,0,2,0.0000,0.4040,0.3430,1
1264,1403715949.784058094,3.8367,3.8378,0.3419,2,4,0,0,0,2,0.0000,0.4960,0.4436,1
1265,1403715949.834058046,3.8157,3.8146,0.4091,2,4,0,0,0,2,0.0000,0.5808,0.5285,1
1266,1403715949.884058237,17.8629,17.7648,11.5690,2,6,1,0,0,1,0.0000,14.3789,14.3279,1
1267,1403715949.934058189,3.7412,3.7451,0.2089,2,4,0,0,0,2,0.0000,0.3439,0.2780,1
1268,1403715949.984058142,3.8063,3.8100,0.2999,2,4,0,0,0,2,0.0000,0.4487,0.3930,1
1269,1403715950.034058094,4.3268,4.2395,0.3991,2,4,0,0,0,2,0.0000,0.5697,0.5193,1
1270,1403715950.084058285,14.0590,14.0626,7.8199,2,13,0,0,1,1,0.0000,10.5945,10.5458,1
1271,1403715950.134057999,3.6695,3.6732,0.1562,2,4,0,0,0,2,0.0000,0.2580,0.2100,1
1272,1403715950.184058189,3.7691,3.7728,0.2494,2,4,0,0,0,2,0.0000,0.3649,0.3190,1
1273,1403715950.234058142,13.9058,13.8835,7.7350,2,13,0,0,1,1,0.0000,10.4554,10.4092,1
1274,1403715950.284058094,13.9505,13.8990,7.9260,2,13,0,0,1,1,0.0000,10.6053,10.5572,1
1275,1403715950.334058046,3.6739,3.6698,0.1419,2,3,0,0,0,2,0.0000,0.2477,0.2000,1
1276,1403715950.384058237,14.1043,14.1066,8.0230,2,13,0,0,1,1,0.0000,10.7168,10.6751,1
1277,1403715950.434058189,3.8588,3.8603,0.1609,2,4,0,0,0,2,0.0000,0.2604,0.2138,1
1278,1403715950.484058142,14.4705,14.4718,8.2409,2,13,0,0,1,1,0.0000,10.9728,10.9438,1
1279,1403715950.534058094,19.7186,19.7222,11.0028,2,6,1,0,0,1,0.0000,16.5176,16.4768,1
1280,1403715950.584058285,4.2889,4.2102,0.2203,2,4,0,0,0,2,0.0000,0.3503,0.2933,1
1281,1403715950.634057999,14.7674,14.7214,8.2309,2,13,0,0,1,1,0.0000,11.0915,11.0573,1
1282,1403715950.684058189,14.6816,14.6816,8.5270,2,13,0,0,1,1,0.0000,11.5082,11.4451,1
1283,1403715950.734058142,3.6365,3.6128,0.2220,2,3,0,0,0,2,0.0000,0.3571,0.3065,1
1284,1403715950.784058094,15.6430,15.5200,8.6830,2,13,0,0,1,1,0.0000,11.8239,11.7883,1
1285,1403715950.834058046,14.7566,14.7575,8.3649,2,13,0,0,1,1,0.0000,11.1999,11.1420,1
1286,1403715950.884058237,4.3002,4.2796,0.2873,2,4,0,0,0,2,0.0000,0.4345,0.3778,1
1287,1403715950.934058189,14.9124,14.8989,8.8298,2,13,0,0,1,1,0.0000,11.5938,11.5636,1
1288,1403715950.984058142,17.2614,17.2618,8.9998,2,13,0,0,1,1,0.0000,14.5858,14.5522,1
1289,1403715951.034058094,2.8432,2.8465,0.1459,2,3,0,0,0,2,0.0000,0.2270,0.1989,1
1290,1403715951.084058285,13.8302,13.8206,8.3539,2,13,0,0,1,1,0.0000,10.9490,10.9230,1
1291,1403715951.134057999,13.9580,13.9521,8.3480,2,13,0,0,1,1,0.0000,11.0422,11.0158,1
1292,1403715951.184058189,13.8429,13.8462,8.1649,2,13,0,0,1,1,0.0000,10.8305,10.7934,1
1293,1403715951.234058142,3.4386,3.4352,0.1712,2,4,0,0,0,2,0.0000,0.2674,0.2245,1
1294,1403715951.284058094,14.3571,14.2171,8.3642,2,13,0,0,1,1,0.0000,11.0206,10.9814,1
1295,1403715951.334058046,4.1440,3.8515,0.1979,2,4,0,0,0,2,0.0000,0.3101,0.2636,1
1296,1403715951.384058237,13.8926,13.8941,8.0268,2,13,0,0,1,1,0.0000,10.6184,10.5900,1
1297,1403715951.434058189,14.4489,14.4392,8.5289,2,13,0,0,1,1,0.0000,11.1858,11.1341,1
1298,1403715951.484058142,3.8805,3.8545,0.2291,2,4,0,0,0,2,0.0000,0.3508,0.3026,1
1299,1403715951.534058094,4.0284,4.0254,0.3150,2,4,0,0,0,2,0.0000,0.4477,0.4048,1
1300,1403715951.584058285,4.2476,4.2277,0.4411,2,4,0,0,0,2,0.0000,0.6106,0.5600,1
1301,1403715951.634057999,14.4853,14.4726,8.3041,2,13,0,0,1,1,0.0000,10.9524,10.9030,1
1302,1403715951.684058189,4.3224,4.2165,0.2699,2,4,0,0,0,2,0.0000,0.4170,0.3623,1
1303,1403715951.734058142,3.9444,3.9428,0.3641,2,4,0,0,0,2,0.0000,0.5252,0.4768,1
1304,1403715951.784058094,4.1812,4.1721,0.4549,2,4,0,0,0,2,0.0000,0.6375,0.5891,1
1305,1403715951.834058046,17.2680,17.2593,11.3761,2,6,1,0,0,1,0.0000,13.9206,13.8720,1
1306,1403715951.884058237,4.1701,4.1737,0.1781,2,4,0,0,0,2,0.0000,0.2820,0.2411,1
1307,1403715951.934058189,4.5895,4.5717,0.2630,2,4,0,0,0,2,0.0000,0.3830,0.3425,1
1308,1403715951.984058142,17.4408,17.4430,11.2071,2,6,1,0,0,1,0.0000,13.5957,13.5592,1
1309,1403715952.034058094,16.9215,16.9251,10.9651,2,6,1,0,0,1,0.0000,13.2257,13.1905,1
1310,1403715952.084058285,17.4031,17.3904,11.1952,2,6,1,0,0,1,0.0000,13.7808,13.7432,1
1311,1403715952.134057999,14.7525,14.6486,8.0230,2,13,0,0,1,1,0.0000,10.6698,10.6352,1
1312,1403715952.184058189,14.2451,14.2153,7.8080,2,13,0,0,1,1,0.0000,10.3956,10.3578,1
1313,1403715952.234058142,14.0477,13.9990,7.8621,2,13,0,0,1,1,0.0000,10.4242,10.3863,1
1314,1403715952.284058094,17.9850,17.9652,11.6000,2,6,1,0,0,1,0.0000,14.3468,14.3145,1
1315,1403715952.334058046,14.3638,14.3156,8.0390,2,13,0,0,1,1,0.0000,10.8796,10.8350,1
1316,1403715952.384058237,3.5840,3.5876,0.1578,2,3,0,0,0,2,0.0000,0.2652,0.2175,1
1317,1403715952.434058189,14.4332,14.4068,8.1081,2,13,0,0,1,1,0.0000,10.8862,10.8545,1
1318,1403715952.484058142,20.9695,20.9733,12.0821,2,6,1,0,0,1,0.0000,17.6903,17.6360,1
1319,1403715952.534058094,3.4268,3.4267,0.1900,2,3,0,0,0,2,0.0000,0.3006,0.2600,1
1320,1403715952.584058285,14.0542,14.0320,8.1041,2,13,0,0,1,1,0.0000,10.6905,10.6639,1
1321,1403715952.634057999,17.2600,17.2637,11.7083,2,6,1,0,0,1,0.0000,14.3232,14.2760,1
1322,1403715952.684058189,3.3181,3.3216,0.1960,2,3,0,0,0,2,0.0000,0.3126,0.2700,1
1323,1403715952.734058142,17.3985,17.3753,11.5058,2,6,1,0,0,1,0.0000,14.0943,14.0616,1
1324,1403715952.784058094,14.4946,14.4733,8.3821,2,13,0,0,1,1,0.0000,11.0499,11.0027,1
1325,1403715952.834058046,3.4153,3.4186,0.2291,2,4,0,0,0,2,0.0000,0.3460,0.3034,1
1326,1403715952.884058237,3.8157,3.8082,0.3552,2,4,0,0,0,2,0.0000,0.5052,0.4588,1
1327,1403715952.934058189,4.1064,4.0941,0.4439,2,4,0,0,0,2,0.0000,0.6120,0.5685,1
1328,1403715952.984058142,14.7913,14.7254,8.3787,2,13,0,0,1,1,0.0000,11.1083,11.0595,1
1329,1403715953.034058094,14.9388,14.8002,8.5151,2,13,0,0,1,1,0.0000,11.2923,11.2600,1
1330,1403715953.084058285,14.3572,14.3538,8.3959,2,13,0,0,1,1,0.0000,11.1403,11.0859,1
1331,1403715953.134057999,3.5224,3.5239,0.1838,2,3,0,0,0,2,0.0000,0.2961,0.2507,1
1332,1403715953.184058189,17.1153,17.1110,11.4489,2,6,1,0,0,1,0.0000,14.0491,14.0150,1
1333,1403715953.234058142,3.2463,3.2498,0.1612,2,4,0,0,0,2,0.0000,0.2557,0.2227,1
1334,1403715953.284058094,3.6720,3.6760,0.2739,2,4,0,0,0,2,0.0000,0.3866,0.3471,1
1335,1403715953.334058046,17.0346,17.0351,11.3392,2,6,1,0,0,1,0.0000,13.8618,13.8306,1
1336,1403715953.384058237,3.4962,3.5000,0.1631,2,4,0,0,0,2,0.0000,0.2587,0.2142,1
1337,1403715953.434058189,3.6586,3.6340,0.2210,2,4,0,0,0,2,0.0000,0.3214,0.2803,1
1338,1403715953.484058142,18.0435,17.9496,11.4400,2,6,1,0,0,1,0.0000,14.0807,14.0332,1
1339,1403715953.534058094,3.8925,3.8657,0.1853,2,4,0,0,0,2,0.0000,0.2998,0.2460,1
1340,1403715953.584058285,3.8016,3.8055,0.3052,2,4,0,0,0,2,0.0000,0.4407,0.3855,1
1341,1403715953.634057999,4.3069,4.0912,0.3798,2,4,0,0,0,2,0.0000,0.5306,0.4790,1
1342,1403715953.684058189,13.9272,13.9192,7.8542,2,13,0,0,1,1,0.0000,10.4256,10.3724,1
1343,1403715953.734058142,3.4942,3.4933,0.2301,2,4,0,0,0,2,0.0000,0.3624,0.3071,1
1344,1403715953.784058094,13.5152,13.5123,7.5979,2,13,0,0,1,1,0.0000,10.0312,10.0005,1
1345,1403715953.834058046,16.6203,16.6220,8.4178,2,13,0,0,1,1,0.0000,13.3886,13.3180,1
1346,1403715953.884058237,4.2138,4.2174,0.3340,2,4,0,0,0,2,0.0000,0.5015,0.4533,1
1347,1403715953.934058189,4.1104,4.1060,0.4480,2,4,0,0,0,2,0.0000,0.6381,0.5923,1
1348,1403715953.984058142,4.3582,4.3598,0.5119,2,4,0,0,0,2,0.0000,0.7038,0.6658,1
1349,1403715954.034058094,14.0062,14.0097,7.9138,2,13,0,0,1,1,0.0000,10.4236,10.3876,1
1350,1403715954.084058285,14.3921,14.3620,7.9851,2,13,0,0,1,1,0.0000,10.4194,10.3782,1
1351,1403715954.134057999,13.8989,13.8928,7.8609,2,13,0,0,1,1,0.0000,10.2468,10.2142,1
1352,1403715954.184058189,3.8242,3.7841,0.1349,2,3,0,0,0,2,0.0000,0.2174,0.1865,1
1353,1403715954.234058142,13.4656,13.4691,7.7438,2,13,0,0,1,1,0.0000,10.0485,10.0199,1
1354,1403715954.284058094,14.0285,13.9729,7.9250,2,13,0,0,1,1,0.0000,10.3044,10.2728,1
1355,1403715954.334058046,14.1629,14.1539,8.2369,2,13,0,0,1,1,0.0000,10.6273,10.5923,1
1356,1403715954.384058237,14.4550,14.3249,8.3439,2,13,0,0,1,1,0.0000,10.8841,10.8502,1
1357,1403715954.434058189,3.5273,3.5050,0.1690,2,3,0,0,0,2,0.0000,0.2650,0.2238,1
1358,1403715954.484058142,13.8688,13.8686,8.2448,2,13,0,0,1,1,0.0000,10.7806,10.7397,1
1359,1403715954.534058094,3.4718,3.4694,0.1442,2,4,0,0,0,2,0.0000,0.2234,0.1919,1
1360,1403715954.584058285,14.0852,14.0849,8.3191,2,13,0,0,1,1,0.0000,11.0840,11.0427,1
1361,1403715954.634057999,3.3585,3.3553,0.1760,2,4,0,0,0,2,0.0000,0.2802,0.2349,1
1362,1403715954.684058189,3.4731,3.4736,0.2348,2,4,0,0,0,2,0.0000,0.3302,0.2987,1
1363,1403715954.734058142,3.5444,3.5292,0.3011,2,4,0,0,0,2,0.0000,0.4339,0.3830,1
1364,1403715954.784058094,13.4160,13.4196,7.6652,2,13,0,0,1,1,0.0000,10.4065,10.3674,1
1365,1403715954.834058046,3.3718,3.3683,0.1490,2,4,0,0,0,2,0.0000,0.2381,0.1977,1
1366,1403715954.884058237,13.1605,13.1666,7.5512,2,13,0,0,1,1,0.0000,10.1729,10.1350,1
1367,1403715954.934058189,13.2297,13.2305,7.6749,2,13,0,0,1,1,0.0000,10.2484,10.2105,1
1368,1403715954.984058142,13.2633,13.2643,7.6458,2,13,0,0,1,1,0.0000,10.2602,10.2257,1
1369,1403715955.034058094,13.3038,13.3073,7.6902,2,13,0,0,1,1,0.0000,10.2730,10.2306,1
1370,1403715955.084058285,3.2610,3.2537,0.1421,2,3,0,0,0,2,0.0000,0.2314,0.1957,1
1371,1403715955.134057999,13.1358,13.1392,7.6649,2,13,0,0,1,1,0.0000,10.2663,10.2363,1
1372,1403715955.184058189,13.3344,13.3003,7.6549,2,13,0,0,1,1,0.0000,10.2107,10.1754,1
1373,1403715955.234058142,3.4297,3.4334,0.1471,2,3,0,0,0,2,0.0000,0.2445,0.2010,1
1374,1403715955.284058094,13.4930,13.3510,7.4041,2,13,0,0,1,1,0.0000,10.0052,9.9721,1
1375,1403715955.334058046,13.4055,13.3880,7.4978,2,13,0,0,1,1,0.0000,10.1280,10.0922,1
1376,1403715955.384058237,3.4778,3.4774,0.1659,2,4,0,0,0,2,0.0000,0.2592,0.2171,1
1377,1403715955.434058189,14.1305,14.1270,7.7090,2,13,0,0,1,1,0.0000,10.3905,10.3667,1
1378,1403715955.484058142,21.4881,21.4752,12.0111,2,6,1,0,0,1,0.0000,17.6450,17.5941,1
1379,1403715955.534058094,4.2999,4.3034,0.2010,2,3,0,0,0,2,0.0000,0.3267,0.2805,1
1380,1403715955.584058285,4.4352,4.4180,0.3829,2,4,0,0,0,2,0.0000,0.5583,0.4994,1
1381,1403715955.634057999,4.1905,4.1836,0.4687,2,4,0,0,0,2,0.0000,0.6529,0.6059,1
1382,1403715955.684058189,14.8197,14.8242,8.6060,2,13,0,0,1,1,0.0000,11.3430,11.2980,1
1383,1403715955.734058142,4.2736,4.2684,0.2778,2,4,0,0,0,2,0.0000,0.4200,0.3736,1
1384,1403715955.784058094,4.2923,4.2957,0.3700,2,4,0,0,0,2,0.0000,0.5278,0.4825,1
1385,1403715955.834058046,4.7833,4.7747,0.4492,2,4,0,0,0,2,0.0000,0.6057,0.5727,1
1386,1403715955.884058237,15.2072,15.2085,8.4522,2,13,0,0,1,1,0.0000,11.0842,11.0596,1
1387,1403715955.934058189,14.3447,14.3242,8.3451,2,13,0,0,1,1,0.0000,11.0375,11.0035,1
1388,1403715955.984058142,3.5314,3.4746,0.1371,2,3,0,0,0,2,0.0000,0.2241,0.1902,1
1389,1403715956.034058094,13.8915,13.8588,8.2142,2,13,0,0,1,1,0.0000,10.8175,10.7896,1
1390,1403715956.084058285,13.8532,13.8567,8.2810,2,13,0,0,1,1,0.0000,10.8901,10.8579,1
1391,1403715956.134057999,14.5105,14.4819,8.7211,2,13,0,0,1,1,0.0000,11.3734,11.3361,1
1392,1403715956.184058189,14.4656,14.3768,8.5340,2,13,0,0,1,1,0.0000,11.0440,11.0100,1
1393,1403715956.234058142,14.1448,14.0655,8.4159,2,13,0,0,1,1,0.0000,10.8742,10.8353,1
1394,1403715956.284058094,3.0887,3.0926,0.1690,2,3,0,0,0,2,0.0000,0.2717,0.2312,1
1395,1403715956.334058046,3.3455,3.3248,0.3159,2,4,0,0,0,2,0.0000,0.4361,0.4002,1
1396,1403715956.384058237,13.9769,13.9234,8.1241,2,13,0,0,1,1,0.0000,10.8765,10.8334,1
1397,1403715956.434058189,3.1670,3.1684,0.1812,2,4,0,0,0,2,0.0000,0.2711,0.2385,1
1398,1403715956.484058142,3.2640,3.2676,0.2482,2,4,0,0,0,2,0.0000,0.3459,0.3166,1
1399,1403715956.534058094,3.4719,3.4685,0.3471,2,4,0,0,0,2,0.0000,0.4751,0.4387,1
1400,1403715956.584058285,13.3921,13.3937,7.8328,2,13,0,0,1,1,0.0000,10.5336,10.5018,1
1401,1403715956.634057999,3.1282,3.0981,0.1800,2,4,0,0,0,2,0.0000,0.2710,0.2370,1
1402,1403715956.684058189,3.1241,3.1197,0.2758,2,4,0,0,0,2,0.0000,0.3880,0.3515,1
1403,1403715956.734058142,3.1827,3.1860,0.3049,2,4,0,0,0,2,0.0000,0.4186,0.3895,1
1404,1403715956.784058094,13.4784,13.4692,7.7929,2,13,0,0,1,1,0.0000,10.5652,10.5247,1
1405,1403715956.834058046,3.3794,3.3751,0.1900,2,4,0,0,0,2,0.0000,0.2924,0.2502,1
1406,1403715956.884058237,3.3986,3.3909,0.2761,2,4,0,0,0,2,0.0000,0.3868,0.3485,1
1407,1403715956.934058189,3.7125,3.6977,0.3800,2,4,0,0,0,2,0.0000,0.5175,0.4757,1
1408,1403715956.984058142,13.7681,13.6955,7.7870,2,13,0,0,1,1,0.0000,10.5295,10.4803,1
1409,1403715957.034058094,3.5459,3.5453,0.1752,2,4,0,0,0,2,0.0000,0.2771,0.2331,1
1410,1403715957.084058285,3.5247,3.5286,0.2909,2,4,0,0,0,2,0.0000,0.4173,0.3715,1
1411,1403715957.134057999,3.6598,3.6516,0.3409,2,4,0,0,0,2,0.0000,0.4719,0.4277,1
1412,1403715957.184058189,13.7691,13.7673,7.7500,2,13,0,0,1,1,0.0000,10.5457,10.4866,1
1413,1403715957.234058142,4.5265,4.5051,0.1810,2,4,0,0,0,2,0.0000,0.2917,0.2386,1
1414,1403715957.284058094,3.6292,3.6267,0.2680,2,4,0,0,0,2,0.0000,0.3874,0.3388,1
1415,1403715957.334058046,13.8088,13.8089,7.8220,2,13,0,0,1,1,0.0000,10.5933,10.5469,1
1416,1403715957.384058237,14.3755,14.3417,7.5963,2,13,0,0,1,1,0.0000,10.3366,10.2916,1
1417,1403715957.434058189,14.3998,14.3836,7.6940,2,13,0,0,1,1,0.0000,10.4831,10.4314,1
1418,1403715957.484058142,3.8510,3.8547,0.1941,2,4,0,0,0,2,0.0000,0.3067,0.2574,1
1419,1403715957.534058094,14.4083,14.4053,7.5438,2,13,0,0,1,1,0.0000,10.2229,10.1913,1
1420,1403715957.584058285,14.8124,14.8099,8.0321,2,13,0,0,1,1,0.0000,10.7765,10.7119,1
1421,1403715957.634057999,4.1896,4.1865,0.2401,2,3,0,0,0,2,0.0000,0.3945,0.3371,1
1422,1403715957.684058189,4.7093,4.6945,0.4389,2,4,0,0,0,2,0.0000,0.6333,0.5727,1
1423,1403715957.734058142,4.7583,4.7597,0.7153,2,5,0,0,0,2,0.0000,0.9370,0.8842,1
1424,1403715957.784058094,18.1257,18.1261,11.1952,2,6,1,0,0,1,0.0000,13.8569,13.8152,1
1425,1403715957.834058046,4.6873,4.6888,0.2279,2,4,0,0,0,2,0.0000,0.3440,0.3039,1
1426,1403715957.884058237,4.5598,4.5587,0.2749,2,4,0,0,0,2,0.0000,0.3904,0.3540,1
1427,1403715957.934058189,14.5330,14.5131,7.9339,2,13,0,0,1,1,0.0000,10.4948,10.4545,1
1428,1403715957.984058142,13.7872,13.7828,7.7550,2,13,0,0,1,1,0.0000,10.2092,10.1791,1
1429,1403715958.034058094,14.5060,14.4969,8.1801,2,13,0,0,1,1,0.0000,10.7815,10.7371,1
1430,1403715958.084058285,3.5616,3.5625,0.1929,2,4,0,0,0,2,0.0000,0.2970,0.2577,1
1431,1403715958.134057999,14.0899,14.0935,8.2109,2,13,0,0,1,1,0.0000,10.8778,10.8490,1
1432,1403715958.184058189,3.2964,3.2965,0.1628,2,4,0,0,0,2,0.0000,0.2592,0.2194,1
1433,1403715958.234058142,3.3528,3.3565,0.2489,2,4,0,0,0,2,0.0000,0.3571,0.3217,1
1434,1403715958.284058094,14.2966,14.2378,8.4138,2,13,0,0,1,1,0.0000,11.1274,11.0983,1
1435,1403715958.334058046,3.3062,3.2912,0.1681,2,4,0,0,0,2,0.0000,0.2649,0.2270,1
1436,1403715958.384058237,3.6451,3.6169,0.2539,2,4,0,0,0,2,0.0000,0.3658,0.3307,1
1437,1403715958.434058189,14.4702,14.4423,8.4758,2,13,0,0,1,1,0.0000,11.1537,11.1268,1
1438,1403715958.484058142,3.3950,3.2789,0.1657,2,4,0,0,0,2,0.0000,0.2664,0.2226,1
1439,1403715958.534058094,14.0706,14.0380,8.2221,2,13,0,0,1,1,0.0000,10.9649,10.9282,1
1440,1403715958.584058285,3.1557,3.1471,0.2041,2,4,0,0,0,2,0.0000,0.2995,0.2680,1
1441,1403715958.634057999,3.0837,3.0872,0.3068,2,4,0,0,0,2,0.0000,0.4262,0.3918,1
1442,1403715958.684058189,3.1812,3.1847,0.3800,2,4,0,0,0,2,0.0000,0.5170,0.4872,1
1443,1403715958.734058142,13.9736,13.9470,8.3370,2,13,0,0,1,1,0.0000,11.0169,10.9889,1
1444,1403715958.784058094,13.4793,13.4791,7.8421,2,13,0,0,1,1,0.0000,10.4764,10.4473,1
1445,1403715958.834058046,13.2422,13.2457,7.4999,2,13,0,0,1,1,0.0000,10.0713,10.0406,1
1446,1403715958.884058237,13.1949,13.1986,7.6222,2,13,0,0,1,1,0.0000,10.1323,10.1004,1
1447,1403715958.934058189,13.5613,13.4758,7.6010,2,13,0,0,1,1,0.0000,10.1284,10.1004,1
1448,1403715958.984058142,13.4244,13.4125,7.4129,2,13,0,0,1,1,0.0000,9.9582,9.9244,1
1449,1403715959.034058094,16.8494,16.8265,10.9069,2,6,1,0,0,1,0.0000,13.4505,13.4135,1
1450,1403715959.084058285,3.5717,3.5605,0.1419,2,3,0,0,0,2,0.0000,0.2314,0.1923,1
1451,1403715959.134057999,13.4647,13.4578,7.6349,2,13,0,0,1,1,0.0000,10.2565,10.2185,1
1452,1403715959.184058189,3.7750,3.7570,0.1972,2,4,0,0,0,2,0.0000,0.3065,0.2562,1
1453,1403715959.234058142,3.9138,3.9028,0.2830,2,4,0,0,0,2,0.0000,0.4044,0.3615,1
1454,1403715959.284058094,4.0036,3.9768,0.3722,2,4,0,0,0,2,0.0000,0.5093,0.4698,1
1455,1403715959.334058046,14.4473,14.4018,7.7741,2,13,0,0,1,1,0.0000,10.4142,10.3788,1
1456,1403715959.384058237,3.8908,3.8924,0.1771,2,4,0,0,0,2,0.0000,0.2765,0.2332,1
1457,1403715959.434058189,3.9400,3.9184,0.2592,2,4,0,0,0,2,0.0000,0.3750,0.3277,1
1458,1403715959.484058142,14.5705,14.5690,7.8189,2,13,0,0,1,1,0.0000,10.4344,10.4050,1
1459,1403715959.534058094,4.1315,4.1352,0.1600,2,4,0,0,0,2,0.0000,0.2766,0.2149,1
1460,1403715959.584058285,15.0735,15.0508,8.1508,2,13,0,0,1,1,0.0000,10.9267,10.8718,1
1461,1403715959.634057999,4.3002,4.3036,0.2789,2,4,0,0,0,2,0.0000,0.4261,0.3764,1
1462,1403715959.684058189,4.7068,4.6951,0.4439,2,4,0,0,0,2,0.0000,0.6393,0.5809,1
1463,1403715959.734058142,4.8208,4.8230,0.5319,2,4,0,0,0,2,0.0000,0.7364,0.6925,1
1464,1403715959.784058094,14.9860,14.9864,8.2509,2,13,0,0,1,1,0.0000,10.9255,10.8831,1
1465,1403715959.834058046,4.3925,4.3881,0.1559,2,4,0,0,0,2,0.0000,0.2565,0.2098,1
1466,1403715959.884058237,14.5735,14.5733,8.0271,2,13,0,0,1,1,0.0000,10.7010,10.6603,1
1467,1403715959.934058189,14.1475,14.1512,7.8151,2,13,0,0,1,1,0.0000,10.4637,10.4336,1
1468,1403715959.984058142,14.2090,14.2090,7.9553,2,13,0,0,1,1,0.0000,10.6422,10.5956,1
1469,1403715960.034058094,3.6481,3.6442,0.1810,2,4,0,0,0,2,0.0000,0.2792,0.2437,1
1470,1403715960.084058285,14.1410,14.1109,8.1122,2,13,0,0,1,1,0.0000,10.7637,10.7362,1
1471,1403715960.134057999,14.3543,14.2763,8.2073,2,13,0,0,1,1,0.0000,10.9256,10.8860,1
1472,1403715960.184058189,3.5313,3.5128,0.2301,2,3,0,0,0,2,0.0000,0.3439,0.3040,1
1473,1403715960.234058142,13.8757,13.8678,8.0068,2,13,0,0,1,1,0.0000,10.7322,10.7035,1
1474,1403715960.284058094,13.8257,13.8270,8.2471,2,13,0,0,1,1,0.0000,11.0194,10.9805,1
1475,1403715960.334058046,3.1794,3.1779,0.2029,2,4,0,0,0,2,0.0000,0.3030,0.2672,1
1476,1403715960.384058237,3.5425,3.4633,0.2959,2,4,0,0,0,2,0.0000,0.4074,0.3785,1
1477,1403715960.434058189,3.3290,3.3300,0.3731,2,4,0,0,0,2,0.0000,0.5078,0.4742,1
1478,1403715960.484058142,13.8100,13.8068,8.2071,2,13,0,0,1,1,0.0000,10.9826,10.9492,1
1479,1403715960.534058094,3.0775,3.0780,0.1907,2,4,0,0,0,2,0.0000,0.2830,0.2530,1
1480,1403715960.584058285,3.1590,3.1535,0.2527,2,4,0,0,0,2,0.0000,0.3579,0.3301,1
1481,1403715960.634057999,3.6203,3.6020,0.3412,2,4,0,0,0,2,0.0000,0.4611,0.4348,1
1482,1403715960.684058189,13.7999,13.7951,7.9679,2,13,0,0,1,1,0.0000,10.6807,10.6518,1
1483,1403715960.734058142,3.6258,3.5240,0.1760,2,4,0,0,0,2,0.0000,0.2730,0.2258,1
1484,1403715960.784058094,3.6730,3.6705,0.2489,2,4,0,0,0,2,0.0000,0.3521,0.3170,1
1485,1403715960.834058046,3.4930,3.4965,0.3209,2,4,0,0,0,2,0.0000,0.4438,0.4042,1
1486,1403715960.884058237,13.8207,13.8202,7.8709,2,13,0,0,1,1,0.0000,10.5653,10.5311,1
1487,1403715960.934058189,3.4555,3.4454,0.1750,2,4,0,0,0,2,0.0000,0.2714,0.2352,1
1488,1403715960.984058142,3.5807,3.5841,0.2511,2,4,0,0,0,2,0.0000,0.3493,0.3230,1
1489,1403715961.034058094,3.7571,3.7467,0.2999,2,4,0,0,0,2,0.0000,0.4215,0.3834,1
1490,1403715961.084058285,13.5760,13.5713,7.8220,2,13,0,0,1,1,0.0000,10.5255,10.4824,1
1491,1403715961.134057999,3.8975,3.8769,0.1481,2,4,0,0,0,2,0.0000,0.2430,0.2018,1
1492,1403715961.184058189,4.0496,4.0185,0.2539,2,4,0,0,0,2,0.0000,0.3888,0.3240,1
1493,1403715961.234058142,3.9966,3.9957,0.3281,2,4,0,0,0,2,0.0000,0.4700,0.4110,1
1494,1403715961.284058094,14.7385,14.7196,7.8742,2,13,0,0,1,1,0.0000,10.6605,10.6090,1
1495,1403715961.334058046,4.1064,4.0750,0.1681,2,4,0,0,0,2,0.0000,0.2853,0.2245,1
1496,1403715961.384058237,4.4537,4.4347,0.2441,2,4,0,0,0,2,0.0000,0.3663,0.3152,1
1497,1403715961.434058189,13.9217,13.9203,7.5369,2,13,0,0,1,1,0.0000,10.2585,10.2163,1
1498,1403715961.484058142,14.0980,14.1017,7.5490,2,13,0,0,1,1,0.0000,10.3353,10.2874,1
1499,1403715961.534058094,4.1747,4.1665,0.1731,2,4,0,0,0,2,0.0000,0.2786,0.2293,1
1500,1403715961.584058285,13.6062,13.5835,7.3791,2,13,0,0,1,1,0.0000,10.0225,9.9838,1
1501,1403715961.634057999,13.8458,13.8033,7.4551,2,13,0,0,1,1,0.0000,10.1576,10.1107,1
1502,1403715961.684058189,3.5669,3.5608,0.1442,2,3,0,0,0,2,0.0000,0.2431,0.2033,1
1503,1403715961.734058142,13.1828,13.1814,7.2870,2,13,0,0,1,1,0.0000,9.9448,9.9161,1
1504,1403715961.784058094,13.5223,13.4953,7.4952,2,13,0,0,1,1,0.0000,10.1338,10.0945,1
1505,1403715961.834058046,3.5677,3.5496,0.1738,2,4,0,0,0,2,0.0000,0.2636,0.2300,1
1506,1403715961.884058237,13.4645,13.4104,7.5269,2,13,0,0,1,1,0.0000,10.2372,10.2098,1
1507,1403715961.934058189,20.0330,19.9688,10.6552,2,6,1,0,0,1,0.0000,16.4620,16.4005,1
1508,1403715961.984058142,3.9863,3.9590,0.1669,2,3,0,0,0,2,0.0000,0.2667,0.2255,1
1509,1403715962.034058094,14.6625,14.4908,8.2121,2,13,0,0,1,1,0.0000,10.9752,10.9339,1
1510,1403715962.084058285,14.8911,14.8827,8.4031,2,13,0,0,1,1,0.0000,11.1249,11.0844,1
1511,1403715962.134057999,14.0637,14.0343,8.1661,2,13,0,0,1,1,0.0000,10.8024,10.7678,1
1512,1403715962.184058189,13.9285,13.9268,8.2381,2,13,0,0,1,1,0.0000,10.8220,10.7895,1
1513,1403715962.234058142,3.1388,3.1427,0.1631,2,3,0,0,0,2,0.0000,0.2567,0.2200,1
1514,1403715962.284058094,3.5461,3.5498,0.2940,2,4,0,0,0,2,0.0000,0.4089,0.3695,1
1515,1403715962.334058046,13.7595,13.7579,8.0521,2,13,0,0,1,1,0.0000,10.7052,10.6721,1
1516,1403715962.384058237,13.9226,13.9200,8.0841,2,13,0,0,1,1,0.0000,10.7748,10.7397,1
1517,1403715962.434058189,14.2395,14.2372,8.1010,2,13,0,0,1,1,0.0000,10.8309,10.7906,1
1518,1403715962.484058142,3.9355,3.9230,0.1731,2,3,0,0,0,2,0.0000,0.2669,0.2278,1
1519,1403715962.534058094,13.5418,13.5124,7.8239,2,13,0,0,1,1,0.0000,10.4018,10.3707,1
1520,1403715962.584058285,13.4249,13.4200,7.6799,2,13,0,0,1,1,0.0000,10.1975,10.1665,1
1521,1403715962.634057999,13.9318,13.8070,7.6520,2,13,0,0,1,1,0.0000,10.1960,10.1670,1
1522,1403715962.684058189,3.4295,3.4332,0.1540,2,3,0,0,0,2,0.0000,0.2414,0.2042,1
1523,1403715962.734058142,13.5260,13.5199,7.7491,2,13,0,0,1,1,0.0000,10.3335,10.2971,1
1524,1403715962.784058094,3.7679,3.7621,0.1938,2,4,0,0,0,2,0.0000,0.2931,0.2556,1
1525,1403715962.834058046,3.5699,3.4438,0.3099,2,4,0,0,0,2,0.0000,0.4277,0.3925,1
1526,1403715962.884058237,3.9188,3.8953,0.3660,2,4,0,0,0,2,0.0000,0.5040,0.4692,1
1527,1403715962.934058189,13.7395,13.6513,7.7181,2,13,0,0,1,1,0.0000,10.2852,10.2466,1
1528,1403715962.984058142,3.4883,3.4901,0.1943,2,4,0,0,0,2,0.0000,0.2933,0.2533,1
1529,1403715963.034058094,3.6480,3.6515,0.2728,2,4,0,0,0,2,0.0000,0.3860,0.3484,1
1530,1403715963.084058285,3.7726,3.7632,0.3359,2,4,0,0,0,2,0.0000,0.4888,0.4534,1
1531,1403715963.134057999,18.3716,18.2510,11.4419,2,6,1,0,0,1,0.0000,14.1815,14.1266,1
1532,1403715963.184058189,3.9119,3.9107,0.2251,2,4,0,0,0,2,0.0000,0.3452,0.2966,1
1533,1403715963.234058142,4.4381,4.4336,0.2878,2,4,0,0,0,2,0.0000,0.4115,0.3690,1
1534,1403715963.284058094,4.3848,4.3734,0.3369,2,4,0,0,0,2,0.0000,0.4780,0.4228,1
1535,1403715963.334058046,14.0174,13.9965,7.4689,2,13,0,0,1,1,0.0000,10.1108,10.0587,1
1536,1403715963.384058237,3.9441,3.9476,0.2270,2,4,0,0,0,2,0.0000,0.3569,0.2996,1
1537,1403715963.434058189,4.0853,4.0760,0.2751,2,4,0,0,0,2,0.0000,0.4020,0.3552,1
1538,1403715963.484058142,4.2950,4.2989,0.3753,2,4,0,0,0,2,0.0000,0.5220,0.4737,1
1539,1403715963.534058094,13.7120,13.7155,7.4100,2,13,0,0,1,1,0.0000,9.9489,9.9094,1
1540,1403715963.584058285,3.6224,3.5610,0.1760,2,4,0,0,0,2,0.0000,0.2774,0.2377,1
1541,1403715963.634057999,3.5748,3.5782,0.2592,2,4,0,0,0,2,0.0000,0.3700,0.3318,1
1542,1403715963.684058189,3.7608,3.7271,0.3037,2,4,0,0,0,2,0.0000,0.4187,0.3839,1
1543,1403715963.734058142,13.2032,13.2067,7.4549,2,13,0,0,1,1,0.0000,10.0820,10.0282,1
1544,1403715963.784058094,3.6049,3.6085,0.2100,2,4,0,0,0,2,0.0000,0.3387,0.2826,1
1545,1403715963.834058046,3.4595,3.4630,0.2389,2,4,0,0,0,2,0.0000,0.3499,0.3101,1
1546,1403715963.884058237,3.5182,3.5218,0.3209,2,4,0,0,0,2,0.0000,0.4617,0.4082,1
1547,1403715963.934058189,12.9999,12.9995,7.2949,2,13,0,0,1,1,0.0000,9.8532,9.8060,1
1548,1403715963.984058142,3.6180,3.6003,0.2341,2,4,0,0,0,2,0.0000,0.3692,0.3149,1
1549,1403715964.034058094,3.4888,3.4921,0.2880,2,4,0,0,0,2,0.0000,0.4173,0.3721,1
1550,1403715964.084058285,3.7866,3.7813,0.3650,2,4,0,0,0,2,0.0000,0.5147,0.4658,1
1551,1403715964.134057999,12.9410,12.9363,7.1943,2,13,0,0,1,1,0.0000,9.6373,9.5968,1
1552,1403715964.184058189,3.3908,3.3915,0.1647,2,4,0,0,0,2,0.0000,0.2738,0.2216,1
1553,1403715964.234058142,3.6761,3.6686,0.2379,2,4,0,0,0,2,0.0000,0.3615,0.3073,1
1554,1403715964.284058094,4.1386,4.1021,0.2933,2,4,0,0,0,2,0.0000,0.4168,0.3714,1
1555,1403715964.334058046,16.1139,16.1043,10.2949,2,6,1,0,0,1,0.0000,12.8407,12.7903,1
1556,1403715964.384058237,12.5713,12.5748,6.9091,2,13,0,0,1,1,0.0000,9.2663,9.2105,1
1557,1403715964.434058189,12.5048,12.4783,6.6941,2,13,0,0,1,1,0.0000,8.9742,8.9242,1
1558,1403715964.484058142,12.4299,12.4070,6.7952,2,13,0,0,1,1,0.0000,9.0630,9.0082,1
1559,1403715964.534058094,3.5123,3.5002,0.1359,2,3,0,0,0,2,0.0000,0.2429,0.1853,1
1560,1403715964.584058285,3.9361,3.9087,0.2639,2,4,0,0,0,2,0.0000,0.3933,0.3362,1
1561,1403715964.634057999,3.8699,3.8739,0.4301,2,13,0,0,1,1,0.0000,0.5761,0.5211,1
1562,1403715964.684058189,12.5021,12.4853,6.7689,2,13,0,0,1,1,0.0000,9.2004,9.1456,1
1563,1403715964.734058142,3.5855,3.5837,0.1872,2,4,0,0,0,2,0.0000,0.3025,0.2436,1
1564,1403715964.784058094,3.5841,3.5876,0.2642,2,4,0,0,0,2,0.0000,0.3918,0.3359,1
1565,1403715964.834058046,3.8954,3.8858,0.4311,2,13,0,0,1,1,0.0000,0.5668,0.5207,1
1566,1403715964.884058237,12.2525,12.1900,6.6531,2,13,0,0,1,1,0.0000,8.9511,8.9129,1
1567,1403715964.934058189,12.4395,12.4432,6.8920,2,13,0,0,1,1,0.0000,9.3532,9.2992,1
1568,1403715964.984058142,3.3375,3.3409,0.1500,2,3,0,0,0,2,0.0000,0.2527,0.2054,1
1569,1403715965.034058094,3.6743,3.6721,0.2892,2,4,0,0,0,2,0.0000,0.4152,0.3701,1
1570,1403715965.084058285,12.9402,12.8734,7.0403,2,13,0,0,1,1,0.0000,9.4764,9.4326,1
1571,1403715965.134057999,3.7540,3.7235,0.1509,2,3,0,0,0,2,0.0000,0.2547,0.2056,1
1572,1403715965.184058189,12.5082,12.5119,7.1077,2,13,0,0,1,1,0.0000,9.3850,9.3455,1
1573,1403715965.234058142,12.7924,12.7960,7.3359,2,13,0,0,1,1,0.0000,9.5494,9.5028,1
1574,1403715965.284058094,12.9522,12.9557,7.5142,2,13,0,0,1,1,0.0000,9.8005,9.7633,1
1575,1403715965.334058046,13.4866,13.4887,7.6809,2,13,0,0,1,1,0.0000,10.2982,10.2640,1
1576,1403715965.384058237,14.2413,14.2345,7.8750,2,13,0,0,1,1,0.0000,10.6214,10.5746,1
1577,1403715965.434058189,3.9725,3.7891,0.1588,2,3,0,0,0,2,0.0000,0.2652,0.2166,1
1578,1403715965.484058142,14.7030,14.6652,8.1990,2,13,0,0,1,1,0.0000,10.9924,10.9516,1
1579,1403715965.534058094,14.6183,14.5978,8.2099,2,13,0,0,1,1,0.0000,11.0699,11.0074,1
1580,1403715965.584058285,4.0968,4.1003,0.2379,2,3,0,0,0,2,0.0000,0.3928,0.3307,1
1581,1403715965.634057999,4.5195,4.5128,0.4389,2,4,0,0,0,2,0.0000,0.6264,0.5702,1
1582,1403715965.684058189,5.4714,5.3917,0.5589,2,4,0,0,0,2,0.0000,0.7743,0.7216,1
1583,1403715965.734058142,19.3027,19.2722,12.0690,2,6,1,0,0,1,0.0000,14.9633,14.9125,1
1584,1403715965.784058094,4.5612,4.5250,0.1619,2,3,0,0,0,2,0.0000,0.2635,0.2225,1
1585,1403715965.834058046,15.2899,15.2833,8.5690,2,13,0,0,1,1,0.0000,11.4608,11.4147,1
1586,1403715965.884058237,3.8985,3.8972,0.1671,2,4,0,0,0,2,0.0000,0.2614,0.2228,1
1587,1403715965.934058189,15.5086,15.4990,9.0640,2,13,0,0,1,1,0.0000,12.0474,12.0137,1
1588,1403715965.984058142,3.8967,3.8627,0.2050,2,4,0,0,0,2,0.0000,0.3225,0.2708,1
1589,1403715966.034058094,3.4948,3.4961,0.2580,2,4,0,0,0,2,0.0000,0.3675,0.3316,1
1590,1403715966.084058285,3.9375,3.9357,0.3393,2,4,0,0,0,2,0.0000,0.4610,0.4309,1
1591,1403715966.134057999,15.2805,15.2628,9.2409,2,13,0,0,1,1,0.0000,12.1747,12.1351,1
1592,1403715966.184058189,3.7226,3.6917,0.2151,2,4,0,0,0,2,0.0000,0.3361,0.2854,1
1593,1403715966.234058142,3.6450,3.6281,0.3042,2,4,0,0,0,2,0.0000,0.4341,0.3892,1
1594,1403715966.284058094,4.0187,3.9970,0.3972,2,4,0,0,0,2,0.0000,0.5527,0.5031,1
1595,1403715966.334058046,15.5909,15.4432,9.1839,2,13,0,0,1,1,0.0000,12.0949,12.0539,1
1596,1403715966.384058237,3.8027,3.7260,0.2050,2,4,0,0,0,2,0.0000,0.3175,0.2718,1
1597,1403715966.434058189,3.8378,3.8262,0.3128,2,4,0,0,0,2,0.0000,0.4447,0.3997,1
1598,1403715966.484058142,3.9725,3.9355,0.3710,2,4,0,0,0,2,0.0000,0.5111,0.4718,1
1599,1403715966.534058094,14.9716,14.9348,8.6522,2,13,0,0,1,1,0.0000,11.5600,11.5251,1
1600,1403715966.584058285,3.6433,3.6137,0.1669,2,4,0,0,0,2,0.0000,0.2650,0.2227,1
1601,1403715966.634057999,3.7760,3.7518,0.2642,2,4,0,0,0,2,0.0000,0.3813,0.3380,1
1602,1403715966.684058189,14.3011,14.2885,8.1048,2,13,0,0,1,1,0.0000,10.8733,10.8375,1
1603,1403715966.734058142,3.4666,3.4703,0.1459,2,4,0,0,0,2,0.0000,0.2552,0.1971,1
1604,1403715966.784058094,3.5820,3.5854,0.2387,2,4,0,0,0,2,0.0000,0.3614,0.3073,1
1605,1403715966.834058046,3.8965,3.8879,0.3340,2,4,0,0,0,2,0.0000,0.4694,0.4179,1
1606,1403715966.884058237,14.8907,14.8971,8.3609,2,13,0,0,1,1,0.0000,11.3097,11.2550,1
1607,1403715966.934058189,4.4780,4.4385,0.2329,2,4,0,0,0,2,0.0000,0.3603,0.3165,1
1608,1403715966.984058142,4.1213,4.1168,0.2978,2,4,0,0,0,2,0.0000,0.4211,0.3859,1
1609,1403715967.034058094,4.1655,4.1694,0.3910,2,4,0,0,0,2,0.0000,0.5588,0.5049,1
1610,1403715967.084058285,15.6931,15.6317,8.5440,2,13,0,0,1,1,0.0000,11.6252,11.5754,1
1611,1403715967.134057999,4.2191,4.1630,0.1640,2,4,0,0,0,2,0.0000,0.2623,0.2198,1
1612,1403715967.184058189,14.9219,14.8489,8.0321,2,13,0,0,1,1,0.0000,11.0953,11.0425,1
1613,1403715967.234058142,3.8111,3.7914,0.1731,2,4,0,0,0,2,0.0000,0.2790,0.2320,1
1614,1403715967.284058094,14.3249,14.2710,7.8652,2,13,0,0,1,1,0.0000,10.8375,10.8001,1
1615,1403715967.334058046,14.4264,14.3694,8.0180,2,13,0,0,1,1,0.0000,10.9879,10.9321,1
1616,1403715967.384058237,3.5161,3.4975,0.2060,2,4,0,0,0,2,0.0000,0.3306,0.2795,1
1617,1403715967.434058189,3.9954,3.9389,0.3119,2,4,0,0,0,2,0.0000,0.4417,0.4012,1
1618,1403715967.484058142,3.3458,3.3496,0.3819,2,4,0,0,0,2,0.0000,0.5380,0.4886,1
1619,1403715967.534058094,14.0430,14.0435,8.1048,2,13,0,0,1,1,0.0000,11.1507,11.1095,1
1620,1403715967.584058285,3.4886,3.4706,0.2162,2,4,0,0,0,2,0.0000,0.3392,0.2909,1
1621,1403715967.634057999,3.8437,3.8210,0.3219,2,4,0,0,0,2,0.0000,0.4608,0.4159,1
1622,1403715967.684058189,4.2686,4.2259,0.3800,2,4,0,0,0,2,0.0000,0.5313,0.4849,1
1623,1403715967.734058142,18.8773,18.6555,11.6069,2,6,1,0,0,1,0.0000,14.7337,14.6888,1
1624,1403715967.784058094,3.9935,3.9654,0.1810,2,4,0,0,0,2,0.0000,0.2890,0.2400,1
1625,1403715967.834058046,3.8113,3.7955,0.2651,2,4,0,0,0,2,0.0000,0.3986,0.3481,1
1626,1403715967.884058237,4.1043,4.0771,0.3660,2,4,0,0,0,2,0.0000,0.5165,0.4640,1
1627,1403715967.934058189,14.2518,14.2488,7.9451,2,13,0,0,1,1,0.0000,10.9471,10.8966,1
1628,1403715967.984058142,3.8603,3.8597,0.2220,2,4,0,0,0,2,0.0000,0.3626,0.3005,1
1629,1403715968.034058094,3.9018,3.8977,0.2761,2,4,0,0,0,2,0.0000,0.4034,0.3588,1
1630,1403715968.084058285,3.9630,3.9605,0.3810,2,4,0,0,0,2,0.0000,0.5456,0.4795,1
1631,1403715968.134057999,14.1605,14.1576,7.8859,2,13,0,0,1,1,0.0000,10.8763,10.8174,1
1632,1403715968.184058189,3.8183,3.8192,0.2179,2,4,0,0,0,2,0.0000,0.3700,0.2938,1
1633,1403715968.234058142,3.9639,3.9519,0.2792,2,4,0,0,0,2,0.0000,0.4325,0.3644,1
1634,1403715968.284058094,4.2578,4.2412,0.3641,2,4,0,0,0,2,0.0000,0.5255,0.4616,1
1635,1403715968.334058046,14.8789,14.8672,7.9839,2,13,0,0,1,1,0.0000,10.9820,10.9250,1
1636,1403715968.384058237,4.2483,4.1517,0.1791,2,4,0,0,0,2,0.0000,0.3060,0.2383,1
1637,1403715968.434058189,14.0949,14.0892,7.6063,2,13,0,0,1,1,0.0000,10.4337,10.3708,1
1638,1403715968.484058142,3.8860,3.8715,0.1609,2,4,0,0,0,2,0.0000,0.2652,0.2125,1
1639,1403715968.534058094,13.8471,13.7885,7.5452,2,13,0,0,1,1,0.0000,10.3725,10.3132,1
1640,1403715968.584058285,3.6277,3.6275,0.2191,2,4,0,0,0,2,0.0000,0.3577,0.2923,1
1641,1403715968.634057999,4.0545,4.0137,0.2842,2,4,0,0,0,2,0.0000,0.4280,0.3754,1
1642,1403715968.684058189,3.7779,3.7780,0.3757,2,4,0,0,0,2,0.0000,0.5377,0.4850,1
1643,1403715968.734058142,13.8583,13.8161,7.7143,2,13,0,0,1,1,0.0000,10.5518,10.5015,1
1644,1403715968.784058094,3.5259,3.5254,0.1979,2,4,0,0,0,2,0.0000,0.3130,0.2645,1
1645,1403715968.834058046,3.4122,3.4166,0.2921,2,4,0,0,0,2,0.0000,0.4293,0.3785,1
1646,1403715968.884058237,3.5651,3.5689,0.3600,2,4,0,0,0,2,0.0000,0.5156,0.4679,1
1647,1403715968.934058189,17.1620,17.1656,11.2381,2,6,1,0,0,1,0.0000,14.0695,14.0180,1
1648,1403715968.984058142,3.6420,3.6290,0.2029,2,4,0,0,0,2,0.0000,0.3229,0.2732,1
1649,1403715969.034058094,3.5812,3.5732,0.3040,2,4,0,0,0,2,0.0000,0.4409,0.3941,1
1650,1403715969.084058285,3.5034,3.5070,0.3288,2,4,0,0,0,2,0.0000,0.4760,0.4290,1
1651,1403715969.134057999,16.9679,16.9684,10.9253,2,6,1,0,0,1,0.0000,13.7788,13.7297,1
1652,1403715969.184058189,4.2691,4.1987,0.1609,2,4,0,0,0,2,0.0000,0.2667,0.2168,1
1653,1403715969.234058142,4.4367,4.4162,0.2239,2,4,0,0,0,2,0.0000,0.3300,0.2870,1
1654,1403715969.284058094,14.4600,14.4298,7.4811,2,13,0,0,1,1,0.0000,10.3523,10.2956,1
1655,1403715969.334058046,4.1892,4.1927,0.1991,2,4,0,0,0,2,0.0000,0.3163,0.2643,1
1656,1403715969.384058237,3.8361,3.8398,0.2561,2,4,0,0,0,2,0.0000,0.3713,0.3274,1
1657,1403715969.434058189,4.1960,4.1600,0.2961,2,4,0,0,0,2,0.0000,0.4268,0.3725,1
1658,1403715969.484058142,14.0846,14.0540,7.5259,2,13,0,0,1,1,0.0000,10.4835,10.4339,1
1659,1403715969.534058094,3.6526,3.6432,0.2189,2,4,0,0,0,2,0.0000,0.3541,0.2980,1
1660,1403715969.584058285,3.8692,3.8615,0.2918,2,4,0,0,0,2,0.0000,0.4342,0.3818,1
1661,1403715969.634057999,3.7861,3.7897,0.3808,2,4,0,0,0,2,0.0000,0.5433,0.4913,1
1662,1403715969.684058189,16.9966,16.9952,10.7741,2,6,1,0,0,1,0.0000,13.7017,13.6477,1
1663,1403715969.734058142,3.8998,3.8550,0.2272,2,4,0,0,0,2,0.0000,0.3600,0.3063,1
1664,1403715969.784058094,3.9790,3.9772,0.3021,2,4,0,0,0,2,0.0000,0.4435,0.3916,1
1665,1403715969.834058046,4.4040,4.3754,0.3419,2,4,0,0,0,2,0.0000,0.5059,0.4389,1
1666,1403715969.884058237,14.4262,14.4209,7.6232,2,13,0,0,1,1,0.0000,10.5701,10.5186,1
1667,1403715969.934058189,3.8563,3.8544,0.1762,2,4,0,0,0,2,0.0000,0.2887,0.2373,1
1668,1403715969.984058142,4.0954,4.0878,0.2091,2,4,0,0,0,2,0.0000,0.3151,0.2710,1
1669,1403715970.034058094,14.3330,14.3321,7.8089,2,13,0,0,1,1,0.0000,10.6927,10.6411,1
1670,1403715970.084058285,3.8466,3.8414,0.1819,2,4,0,0,0,2,0.0000,0.3054,0.2503,1
1671,1403715970.134057999,3.7257,3.7157,0.2439,2,4,0,0,0,2,0.0000,0.3605,0.3158,1
1672,1403715970.184058189,3.7100,3.7136,0.2849,2,4,0,0,0,2,0.0000,0.4182,0.3671,1
1673,1403715970.234058142,13.7881,13.7713,7.6411,2,13,0,0,1,1,0.0000,10.4680,10.4216,1
1674,1403715970.284058094,3.6622,3.6541,0.1802,2,4,0,0,0,2,0.0000,0.2957,0.2470,1
1675,1403715970.334058046,3.8185,3.7778,0.2720,2,4,0,0,0,2,0.0000,0.4084,0.3554,1
1676,1403715970.384058237,3.6469,3.6392,0.3347,2,4,0,0,0,2,0.0000,0.4734,0.4267,1
1677,1403715970.434058189,13.2541,13.2376,7.3569,2,13,0,0,1,1,0.0000,10.1694,10.1201,1
1678,1403715970.484058142,3.4362,3.4299,0.2089,2,4,0,0,0,2,0.0000,0.3370,0.2860,1
1679,1403715970.534058094,3.9330,3.8950,0.3049,2,4,0,0,0,2,0.0000,0.4501,0.3990,1
1680,1403715970.584058285,3.7889,3.7927,0.3550,2,4,0,0,0,2,0.0000,0.5075,0.4584,1
1681,1403715970.634057999,13.5020,13.5005,7.3040,2,13,0,0,1,1,0.0000,10.0131,9.9578,1
1682,1403715970.684058189,3.8958,3.8690,0.1652,2,4,0,0,0,2,0.0000,0.2778,0.2272,1
1683,1403715970.734058142,3.9377,3.9415,0.2110,2,4,0,0,0,2,0.0000,0.3185,0.2758,1
1684,1403715970.784058094,13.6437,13.6475,7.0548,2,13,0,0,1,1,0.0000,9.7258,9.6719,1
1685,1403715970.834058046,4.0077,4.0112,0.1600,2,4,0,0,0,2,0.0000,0.2740,0.2216,1
1686,1403715970.884058237,3.9726,3.9761,0.2341,2,4,0,0,0,2,0.0000,0.3515,0.3063,1
1687,1403715970.934058189,13.4867,13.4775,6.9609,2,13,0,0,1,1,0.0000,9.6338,9.5788,1
1688,1403715970.984058142,3.8185,3.8138,0.1931,2,4,0,0,0,2,0.0000,0.3150,0.2642,1
1689,1403715971.034058094,3.9223,3.9005,0.2758,2,4,0,0,0,2,0.0000,0.4107,0.3608,1
1690,1403715971.084058285,4.0921,4.0263,0.3443,2,4,0,0,0,2,0.0000,0.4966,0.4425,1
1691,1403715971.134057999,16.6518,16.6138,10.3991,2,6,1,0,0,1,0.0000,13.3209,13.2651,1
1692,1403715971.184058189,13.5002,13.4942,7.1640,2,13,0,0,1,1,0.0000,10.0149,9.9379,1
1693,1403715971.234058142,14.2195,14.1984,7.4449,2,13,0,0,1,1,0.0000,10.3625,10.2996,1
1694,1403715971.284058094,13.8017,13.7769,7.2799,2,13,0,0,1,1,0.0000,9.9535,9.9010,1
1695,1403715971.334058046,14.1081,14.0738,7.3321,2,13,0,0,1,1,0.0000,10.0529,9.9971,1
1696,1403715971.384058237,4.2910,4.2628,0.1440,2,3,0,0,0,2,0.0000,0.2462,0.1961,1
1697,1403715971.434058189,14.1200,14.0997,7.3919,2,13,0,0,1,1,0.0000,10.1057,10.0519,1
1698,1403715971.484058142,4.2272,4.2225,0.1690,2,4,0,0,0,2,0.0000,0.2676,0.2222,1
1699,1403715971.534058094,14.4768,14.4709,7.6759,2,13,0,0,1,1,0.0000,10.5205,10.4659,1
1700,1403715971.584058285,4.2553,4.1481,0.1900,2,4,0,0,0,2,0.0000,0.3144,0.2481,1
1701,1403715971.634057999,14.5568,14.5150,7.9520,2,13,0,0,1,1,0.0000,10.8748,10.8154,1
1702,1403715971.684058189,3.7289,3.7325,0.2060,2,4,0,0,0,2,0.0000,0.3338,0.2730,1
1703,1403715971.734058142,13.8672,7.6874,0.3071,2,4,0,0,0,2,0.0000,0.4492,0.3929,1
1704,1403715971.784058094,4.2031,4.2081,0.4101,2,4,0,0,0,2,0.0000,0.5787,0.5171,1
1705,1403715971.834058046,14.6225,14.5600,7.8871,2,13,0,0,1,1,0.0000,10.8760,10.8134,1
1706,1403715971.884058237,4.5144,4.2506,0.2341,2,4,0,0,0,2,0.0000,0.3782,0.3138,1
1707,1403715971.934058189,4.1316,4.0967,0.3309,2,4,0,0,0,2,0.0000,0.4822,0.4334,1
1708,1403715971.984058142,4.4792,4.2988,0.4897,2,4,0,0,0,2,0.0000,0.6855,0.6267,1
1709,1403715972.034058094,16.7259,16.3038,8.9581,2,13,0,0,1,1,0.0000,12.2394,12.1774,1
1710,1403715972.084058285,4.2082,4.1780,0.2360,2,4,0,0,0,2,0.0000,0.3663,0.3116,1
1711,1403715972.134057999,4.6743,4.5714,0.3550,2,4,0,0,0,2,0.0000,0.5178,0.4611,1
1712,1403715972.184058189,4.7188,4.6167,0.5078,2,4,0,0,0,2,0.0000,0.7163,0.6537,1
1713,1403715972.234058142,15.4410,15.3845,8.6310,2,13,0,0,1,1,0.0000,11.5947,11.5347,1
1714,1403715972.284058094,4.2190,4.2230,0.2320,2,4,0,0,0,2,0.0000,0.3722,0.3100,1
1715,1403715972.334058046,4.1578,4.1405,0.3319,2,4,0,0,0,2,0.0000,0.4925,0.4340,1
1716,1403715972.384058237,4.2617,4.2654,0.4511,2,4,0,0,0,2,0.0000,0.6422,0.5825,1
1717,1403715972.434058189,15.6170,15.5810,9.0430,2,13,0,0,1,1,0.0000,11.9518,11.8937,1
1718,1403715972.484058142,4.0762,4.0163,0.2120,2,4,0,0,0,2,0.0000,0.3450,0.2847,1
1719,1403715972.534058094,3.9953,3.9714,0.3171,2,4,0,0,0,2,0.0000,0.4647,0.4144,1
1720,1403715972.584058285,4.1055,4.1090,0.4189,2,4,0,0,0,2,0.0000,0.5857,0.5400,1
1721,1403715972.634057999,15.2054,15.0978,8.6911,2,13,0,0,1,1,0.0000,11.5659,11.5161,1
1722,1403715972.684058189,4.0513,3.9990,0.2158,2,4,0,0,0,2,0.0000,0.3457,0.2853,1
1723,1403715972.734058142,4.1073,4.1015,0.2892,2,4,0,0,0,2,0.0000,0.4264,0.3776,1
1724,1403715972.784058094,4.1851,4.1463,0.4001,2,4,0,0,0,2,0.0000,0.5577,0.5100,1
1725,1403715972.834058046,15.0701,15.0737,8.7993,2,13,0,0,1,1,0.0000,11.7517,11.7024,1
1726,1403715972.884058237,3.9145,3.9180,0.2198,2,4,0,0,0,2,0.0000,0.3536,0.2952,1
1727,1403715972.934058189,4.5259,4.4938,0.3500,2,4,0,0,0,2,0.0000,0.5167,0.4541,1
1728,1403715972.984058142,4.3221,4.2968,0.4599,2,4,0,0,0,2,0.0000,0.6560,0.5926,1
1729,1403715973.034058094,15.0314,14.9998,8.5049,2,13,0,0,1,1,0.0000,11.5005,11.4382,1
1730,1403715973.084058285,3.7533,3.7526,0.2360,2,4,0,0,0,2,0.0000,0.3737,0.3174,1
1731,1403715973.134057999,3.8845,3.8780,0.3381,2,4,0,0,0,2,0.0000,0.4955,0.4441,1
1732,1403715973.184058189,4.5410,4.4660,0.4299,2,4,0,0,0,2,0.0000,0.6169,0.5595,1
1733,1403715973.234058142,15.5353,15.5358,8.7562,2,13,0,0,1,1,0.0000,11.8213,11.7576,1
1734,1403715973.284058094,4.0850,4.0891,0.2589,2,4,0,0,0,2,0.0000,0.4179,0.3490,1
1735,1403715973.334058046,12.5282,4.4841,0.3810,2,4,0,0,0,2,0.0000,0.5585,0.4963,1
1736,1403715973.384058237,5.1063,5.1101,0.4909,2,4,0,0,0,2,0.0000,0.6996,0.6313,1
1737,1403715973.434058189,16.2145,16.2122,9.1441,2,13,0,0,1,1,0.0000,12.2585,12.1925,1
1738,1403715973.484058142,4.2745,4.2247,0.2489,2,4,0,0,0,2,0.0000,0.4057,0.3357,1
1739,1403715973.534058094,4.2149,4.1640,0.3488,2,4,0,0,0,2,0.0000,0.5209,0.4551,1
1740,1403715973.584058285,4.7063,4.5697,0.4721,2,4,0,0,0,2,0.0000,0.6785,0.6072,1
1741,1403715973.634057999,16.1160,16.0584,8.9121,2,13,0,0,1,1,0.0000,12.1624,12.0845,1
1742,1403715973.684058189,4.1855,4.1805,0.2732,2,4,0,0,0,2,0.0000,0.4397,0.3658,1
1743,1403715973.734058142,4.4959,4.4872,0.3791,2,4,0,0,0,2,0.0000,0.5734,0.4949,1
1744,1403715973.784058094,4.3586,4.3563,0.4690,2,4,0,0,0,2,0.0000,0.6769,0.6080,1
1745,1403715973.834058046,15.6552,15.6411,8.7652,2,13,0,0,1,1,0.0000,11.9947,11.9254,1
1746,1403715973.884058237,4.0795,4.0735,0.3002,2,4,0,0,0,2,0.0000,0.4740,0.4025,1
1747,1403715973.934058189,3.9867,3.9905,0.3989,2,4,0,0,0,2,0.0000,0.6011,0.5317,1
1748,1403715973.984058142,4.1342,4.1385,0.4859,2,4,0,0,0,2,0.0000,0.7028,0.6358,1
1749,1403715974.034058094,16.3611,16.3423,9.4380,2,13,0,0,1,1,0.0000,12.7907,12.7208,1
1750,1403715974.084058285,3.9231,3.9217,0.2799,2,4,0,0,0,2,0.0000,0.4537,0.3854,1
1751,1403715974.134057999,4.2585,4.2450,0.4010,2,4,0,0,0,2,0.0000,0.5980,0.5318,1
1752,1403715974.184058189,4.2477,4.2415,0.4930,2,4,0,0,0,2,0.0000,0.7075,0.6479,1
1753,1403715974.234058142,16.1014,16.0986,9.5739,2,13,0,0,1,1,0.0000,12.8430,12.7841,1
1754,1403715974.284058094,4.2965,4.2538,0.3171,2,4,0,0,0,2,0.0000,0.5147,0.4325,1
1755,1403715974.334058046,4.1170,4.1145,0.4251,2,4,0,0,0,2,0.0000,0.6419,0.5684,1
1756,1403715974.384058237,4.4621,4.4334,0.5651,2,4,0,0,0,2,0.0000,0.8143,0.7410,1
1757,1403715974.434058189,16.9037,16.8390,9.9170,2,13,0,0,1,1,0.0000,13.2826,13.2175,1
1758,1403715974.484058142,3.9019,3.9060,0.3040,2,4,0,0,0,2,0.0000,0.4892,0.4147,1
1759,1403715974.534058094,4.3292,4.2295,0.4632,2,4,0,0,0,2,0.0000,0.6845,0.6126,1
1760,1403715974.584058285,4.1292,4.1247,0.5748,2,4,0,0,0,2,0.0000,0.8241,0.7550,1
1761,1403715974.634057999,15.8716,15.8727,9.4471,2,13,0,0,1,1,0.0000,12.6284,12.5675,1
1762,1403715974.684058189,3.8440,3.8223,0.2880,2,4,0,0,0,2,0.0000,0.4536,0.3894,1
1763,1403715974.734058142,4.2150,4.1395,0.4458,2,4,0,0,0,2,0.0000,0.6631,0.5935,1
1764,1403715974.784058094,4.1461,4.1463,0.5450,2,4,0,0,0,2,0.0000,0.7846,0.7216,1
1765,1403715974.834058046,16.0627,16.0664,9.5119,2,13,0,0,1,1,0.0000,12.7237,12.6636,1
1766,1403715974.884058237,3.9193,3.9230,0.3037,2,4,0,0,0,2,0.0000,0.4948,0.4176,1
1767,1403715974.934058189,4.0620,4.0455,0.4551,2,4,0,0,0,2,0.0000,0.6705,0.6047,1
1768,1403715974.984058142,4.0908,4.0942,0.5670,2,4,0,0,0,2,0.0000,0.8076,0.7457,1
1769,1403715975.034058094,16.5468,16.4981,9.8250,2,13,0,0,1,1,0.0000,13.0020,12.9421,1
1770,1403715975.084058285,3.7449,3.7484,0.2840,2,4,0,0,0,2,0.0000,0.4526,0.3889,1
1771,1403715975.134057999,4.1568,4.1398,0.4363,2,4,0,0,0,2,0.0000,0.6609,0.5872,1
1772,1403715975.184058189,4.2591,4.2627,0.7026,2,5,0,0,0,2,0.0000,0.9532,0.8910,1
1773,1403715975.234058142,16.2885,16.2785,9.8329,2,13,0,0,1,1,0.0000,12.9613,12.9004,1
1774,1403715975.284058094,4.0237,3.9815,0.2840,2,4,0,0,0,2,0.0000,0.4572,0.3939,1
1775,1403715975.334058046,4.0100,4.0018,0.4451,2,4,0,0,0,2,0.0000,0.6653,0.5972,1
1776,1403715975.384058237,4.1520,4.1509,0.5510,2,4,0,0,0,2,0.0000,0.7965,0.7315,1
1777,1403715975.434058189,16.1611,16.1620,9.7051,2,13,0,0,1,1,0.0000,12.8820,12.8220,1
1778,1403715975.484058142,3.9046,3.8891,0.2792,2,4,0,0,0,2,0.0000,0.4433,0.3812,1
1779,1403715975.534058094,3.8676,3.8710,0.4380,2,4,0,0,0,2,0.0000,0.6503,0.5851,1
1780,1403715975.584058285,4.1087,4.1039,0.5479,2,4,0,0,0,2,0.0000,0.7893,0.7282,1
1781,1403715975.634057999,16.4682,16.4622,9.9759,2,13,0,0,1,1,0.0000,13.1920,13.1337,1
1782,1403715975.684058189,3.7488,3.7495,0.2880,2,4,0,0,0,2,0.0000,0.4571,0.3918,1
1783,1403715975.734058142,3.9532,3.9567,0.4220,2,4,0,0,0,2,0.0000,0.6234,0.5620,1
1784,1403715975.784058094,4.1119,4.1152,0.5758,2,4,0,0,0,2,0.0000,0.8247,0.7629,1
1785,1403715975.834058046,16.5043,16.5027,9.9630,2,13,0,0,1,1,0.0000,13.2306,13.1542,1
1786,1403715975.884058237,3.7485,3.7521,0.2739,2,4,0,0,0,2,0.0000,0.4439,0.3763,1
1787,1403715975.934058189,3.9456,3.9499,0.4380,2,4,0,0,0,2,0.0000,0.6446,0.5803,1
1788,1403715975.984058142,4.1405,4.1439,0.6762,2,5,0,0,0,2,0.0000,0.9172,0.8587,1
1789,1403715976.034058094,16.6111,16.6148,10.0639,2,13,0,0,1,1,0.0000,13.2984,13.2373,1
1790,1403715976.084058285,3.8054,3.8092,0.2990,2,4,0,0,0,2,0.0000,0.4720,0.4075,1
1791,1403715976.134057999,4.0624,4.0488,0.4520,2,4,0,0,0,2,0.0000,0.6615,0.5987,1
1792,1403715976.184058189,4.5059,4.4884,0.7191,2,5,0,0,0,2,0.0000,0.9748,0.9083,1
1793,1403715976.234058142,17.0780,17.0610,10.4280,2,13,0,0,1,1,0.0000,13.7230,13.6621,1
1794,1403715976.284058094,4.1126,4.1020,0.3650,2,5,0,0,0,2,0.0000,0.5534,0.4796,1
1795,1403715976.334058046,4.0130,4.0166,0.5379,2,5,0,0,0,2,0.0000,0.7558,0.6903,1
1796,1403715976.384058237,4.3983,4.3999,0.8039,2,6,0,0,0,2,0.0000,1.0616,1.0019,1
1797,1403715976.434058189,17.6986,17.6744,10.6728,2,13,0,0,1,1,0.0000,14.0530,13.9680,1
1798,1403715976.484058142,3.8672,3.8664,0.3221,2,4,0,0,0,2,0.0000,0.5013,0.4365,1
1799,1403715976.534058094,4.2692,4.2400,0.6340,2,6,0,0,0,2,0.0000,0.8652,0.7975,1
1800,1403715976.584058285,4.6653,4.6513,0.8709,2,6,0,0,0,2,0.0000,1.1658,1.0865,1
1801,1403715976.634057999,18.0033,17.9860,11.0800,2,13,1,0,0,1,0.0000,14.5699,14.4846,1
1802,1403715976.684058189,4.1093,4.0968,0.3359,2,4,0,0,0,2,0.0000,0.5314,0.4558,1
1803,1403715976.734058142,4.1967,4.1515,0.6011,2,5,0,0,0,2,0.0000,0.8444,0.7679,1
1804,1403715976.784058094,4.5164,4.5201,0.7842,2,5,0,0,0,2,0.0000,1.0643,0.9933,1
1805,1403715976.834058046,18.0200,17.9973,10.9961,2,13,0,0,1,1,0.0000,14.4334,14.3582,1
1806,1403715976.884058237,3.9667,3.9173,0.3309,2,4,0,0,0,2,0.0000,0.5164,0.4503,1
1807,1403715976.934058189,4.1061,4.1011,0.5069,2,4,0,0,0,2,0.0000,0.7496,0.6782,1
1808,1403715976.984058142,4.2292,4.2328,0.6363,2,4,0,0,0,2,0.0000,0.9144,0.8505,1
1809,1403715977.034058094,17.8658,17.8158,11.0378,2,10,1,0,0,1,0.0000,14.4622,14.3915,1
1810,1403715977.084058285,3.8054,3.8026,0.3190,2,4,0,0,0,2,0.0000,0.5054,0.4393,1
1811,1403715977.134057999,4.0619,4.0559,0.4590,2,4,0,0,0,2,0.0000,0.6860,0.6190,1
1812,1403715977.184058189,4.6161,4.5971,0.7970,2,5,0,0,0,2,0.0000,1.0883,1.0154,1
1813,1403715977.234058142,22.3484,22.2618,15.2879,2,6,1,0,0,1,0.0000,18.7247,18.6566,1
1814,1403715977.284058094,3.9510,3.9422,0.3290,2,4,0,0,0,2,0.0000,0.5143,0.4495,1
1815,1403715977.334058046,4.3141,4.3077,0.5767,2,5,0,0,0,2,0.0000,0.8088,0.7367,1
1816,1403715977.384058237,4.4128,4.4062,0.7553,2,5,0,0,0,2,0.0000,1.0259,0.9635,1
1817,1403715977.434058189,18.0335,18.0290,11.1098,2,11,1,0,0,1,0.0000,14.5810,14.5121,1
1818,1403715977.484058142,4.3857,4.2768,0.3040,2,4,0,0,0,2,0.0000,0.4801,0.4163,1
1819,1403715977.534058094,4.4847,4.4346,0.4408,2,4,0,0,0,2,0.0000,0.6600,0.5912,1
1820,1403715977.584058285,4.6799,4.6056,0.5598,2,4,0,0,0,2,0.0000,0.8056,0.7424,1
1821,1403715977.634057999,17.9273,17.9308,10.9639,2,9,1,0,0,1,0.0000,14.4388,14.3827,1
1822,1403715977.684058189,3.8555,3.8594,0.2878,2,4,0,0,0,2,0.0000,0.4553,0.3945,1
1823,1403715977.734058142,4.1845,4.1578,0.3929,2,4,0,0,0,2,0.0000,0.5826,0.5271,1
1824,1403715977.784058094,4.7719,4.7693,0.5310,2,4,0,0,0,2,0.0000,0.7519,0.6967,1
1825,1403715977.834058046,18.0692,18.0728,10.9990,2,9,1,0,0,1,0.0000,14.4587,14.4085,1
1826,1403715977.884058237,4.5436,4.5200,0.2768,2,4,0,0,0,2,0.0000,0.4326,0.3728,1
1827,1403715977.934058189,4.6967,4.6772,0.3662,2,4,0,0,0,2,0.0000,0.5349,0.4827,1
1828,1403715977.984058142,4.6645,4.6397,0.4652,2,4,0,0,0,2,0.0000,0.6556,0.6066,1
1829,1403715978.034058094,18.1683,18.1720,11.0850,2,11,1,0,0,1,0.0000,14.5217,14.4783,1
1830,1403715978.084058285,4.2904,4.2459,0.2072,2,4,0,0,0,2,0.0000,0.3270,0.2795,1
1831,1403715978.134057999,4.0799,4.0799,0.3080,2,4,0,0,0,2,0.0000,0.4471,0.4008,1
1832,1403715978.184058189,4.2345,4.2382,0.3819,2,4,0,0,0,2,0.0000,0.5400,0.4946,1
1833,1403715978.234058142,18.2279,18.2201,10.9463,2,13,0,0,1,1,0.0000,14.3638,14.3220,1
1834,1403715978.284058094,4.0140,4.0150,0.1693,2,4,0,0,0,2,0.0000,0.2680,0.2247,1
1835,1403715978.334058046,4.1623,4.1481,0.2558,2,4,0,0,0,2,0.0000,0.3726,0.3270,1
1836,1403715978.384058237,17.8337,17.8308,10.6821,2,13,0,0,1,1,0.0000,14.0754,14.0355,1
1837,1403715978.434058189,4.3901,4.3694,0.1600,2,4,0,0,0,2,0.0000,0.2598,0.2135,1
1838,1403715978.484058142,18.2330,17.9494,10.3850,2,13,0,0,1,1,0.0000,13.7621,13.7171,1
1839,1403715978.534058094,16.4335,16.4203,9.3291,2,13,0,0,1,1,0.0000,12.5404,12.4970,1
1840,1403715978.584058285,19.3694,19.3564,12.4412,2,6,1,0,0,1,0.0000,15.4248,15.3771,1
1841,1403715978.634057999,4.1985,4.1923,0.1800,2,4,0,0,0,2,0.0000,0.2860,0.2387,1
1842,1403715978.684058189,18.2848,18.2773,11.6329,2,6,1,0,0,1,0.0000,14.4660,14.4233,1
1843,1403715978.734058142,4.3127,4.2960,0.1929,2,4,0,0,0,2,0.0000,0.3100,0.2589,1
1844,1403715978.784058094,4.0189,4.0150,0.2749,2,4,0,0,0,2,0.0000,0.3928,0.3529,1
1845,1403715978.834058046,17.6754,17.6753,11.3440,2,6,1,0,0,1,0.0000,14.1546,14.1161,1
1846,1403715978.884058237,4.2273,4.2014,0.1822,2,4,0,0,0,2,0.0000,0.3004,0.2559,1
1847,1403715978.934058189,4.1572,4.1328,0.3030,2,4,0,0,0,2,0.0000,0.4535,0.3947,1
1848,1403715978.984058142,18.4603,18.4129,11.4171,2,6,1,0,0,1,0.0000,14.2977,14.2495,1
1849,1403715979.034058094,3.7762,3.7754,0.1740,2,4,0,0,0,2,0.0000,0.2763,0.2344,1
1850,1403715979.084058285,3.6786,3.6821,0.2601,2,4,0,0,0,2,0.0000,0.3707,0.3340,1
1851,1403715979.134057999,14.0706,14.0694,7.7679,2,13,0,0,1,1,0.0000,10.5012,10.4630,1
1852,1403715979.184058189,17.1183,17.0839,11.1139,2,6,1,0,0,1,0.0000,13.7142,13.6730,1
1853,1403715979.234058142,13.5399,13.5322,7.5049,2,13,0,0,1,1,0.0000,10.0733,10.0351,1
1854,1403715979.284058094,13.9477,13.9348,7.7159,2,13,0,0,1,1,0.0000,10.2535,10.2145,1
1855,1403715979.334058046,13.4752,13.4651,7.5331,2,13,0,0,1,1,0.0000,10.1260,10.0873,1
1856,1403715979.384058237,13.6533,13.5101,7.5572,2,13,0,0,1,1,0.0000,10.1455,10.1112,1
1857,1403715979.434058189,13.4235,13.3894,7.3140,2,13,0,0,1,1,0.0000,9.8575,9.8275,1
1858,1403715979.484058142,16.3569,16.2697,10.4003,2,6,1,0,0,1,0.0000,12.9358,12.8995,1
1859,1403715979.534058094,3.5635,3.5535,0.1481,2,3,0,0,0,2,0.0000,0.2275,0.1986,1
1860,1403715979.584058285,16.2754,16.2677,10.6339,2,6,1,0,0,1,0.0000,13.1518,13.1184,1
1861,1403715979.634057999,16.4034,16.3958,10.6990,2,6,1,0,0,1,0.0000,13.2271,13.1898,1
1862,1403715979.684058189,3.4505,3.4515,0.1700,2,4,0,0,0,2,0.0000,0.2530,0.2195,1
1863,1403715979.734058142,13.5540,13.5146,7.6857,2,13,0,0,1,1,0.0000,10.2399,10.2060,1
1864,1403715979.784058094,3.3390,3.3427,0.1488,2,4,0,0,0,2,0.0000,0.2306,0.1970,1
1865,1403715979.834058046,13.1135,13.1140,7.4351,2,13,0,0,1,1,0.0000,9.9639,9.9271,1
1866,1403715979.884058237,13.2370,13.2235,7.4563,2,13,0,0,1,1,0.0000,9.8747,9.8489,1
1867,1403715979.934058189,13.1220,13.0927,7.5090,2,13,0,0,1,1,0.0000,9.9532,9.9199,1
1868,1403715979.984058142,16.2654,16.2630,11.0030,2,6,1,0,0,1,0.0000,13.4196,13.3922,1
1869,1403715980.034058094,15.7248,15.7197,10.4618,2,6,1,0,0,1,0.0000,12.7621,12.7326,1
1870,1403715980.084058285,12.7243,12.7199,7.3371,2,13,0,0,1,1,0.0000,9.8763,9.8432,1
1871,1403715980.134057999,16.2873,16.2809,10.5329,2,6,1,0,0,1,0.0000,12.9893,12.9580,1
1872,1403715980.184058189,13.4926,13.4585,7.5519,2,13,0,0,1,1,0.0000,10.0427,10.0053,1
1873,1403715980.234058142,13.7361,13.7184,7.5572,2,13,0,0,1,1,0.0000,10.1103,10.0666,1
1874,1403715980.284058094,3.6200,3.6018,0.1712,2,3,0,0,0,2,0.0000,0.2713,0.2327,1
1875,1403715980.334058046,16.4589,16.4456,10.8051,2,6,1,0,0,1,0.0000,13.2945,13.2662,1
1876,1403715980.384058237,16.5766,16.5694,11.1742,2,6,1,0,0,1,0.0000,13.7694,13.7309,1
1877,1403715980.434058189,3.0206,3.0205,0.1650,2,3,0,0,0,2,0.0000,0.2503,0.2211,1
1878,1403715980.484058142,3.1099,3.1117,0.2689,2,4,0,0,0,2,0.0000,0.3680,0.3405,1
1879,1403715980.534058094,16.5898,16.5885,11.1380,2,6,1,0,0,1,0.0000,13.7003,13.6673,1
1880,1403715980.584058285,3.2927,3.2936,0.1719,2,4,0,0,0,2,0.0000,0.2587,0.2226,1
1881,1403715980.634057999,16.5952,16.5793,10.9661,2,6,1,0,0,1,0.0000,13.5502,13.5239,1
1882,1403715980.684058189,3.0821,3.0720,0.1478,2,4,0,0,0,2,0.0000,0.2221,0.1940,1
1883,1403715980.734058142,3.3657,3.3527,0.2391,2,4,0,0,0,2,0.0000,0.3297,0.3021,1
1884,1403715980.784058094,16.9774,16.8128,10.9582,2,6,1,0,0,1,0.0000,13.5067,13.4726,1
1885,1403715980.834058046,3.5132,3.5060,0.1581,2,4,0,0,0,2,0.0000,0.2431,0.2056,1
1886,1403715980.884058237,3.2445,3.2382,0.2377,2,4,0,0,0,2,0.0000,0.3342,0.3010,1
1887,1403715980.934058189,13.3799,13.3687,7.6950,2,13,0,0,1,1,0.0000,10.2300,10.1926,1
1888,1403715980.984058142,3.4278,3.4198,0.1419,2,4,0,0,0,2,0.0000,0.2242,0.1892,1
1889,1403715981.034058094,13.2380,13.2366,7.6478,2,13,0,0,1,1,0.0000,10.2766,10.2465,1
1890,1403715981.084058285,12.9456,12.9097,7.5202,2,13,0,0,1,1,0.0000,9.9837,9.9525,1
1891,1403715981.134057999,12.8366,12.8252,7.4532,2,13,0,0,1,1,0.0000,9.9100,9.8817,1
1892,1403715981.184058189,2.9966,2.9982,0.1421,2,4,0,0,0,2,0.0000,0.2143,0.1892,1
1893,1403715981.234058142,15.7172,15.7073,10.4578,2,6,1,0,0,1,0.0000,12.8223,12.8016,1
1894,1403715981.284058094,12.2377,12.2414,7.1800,2,13,0,0,1,1,0.0000,9.5152,9.4872,1
1895,1403715981.334058046,15.4455,15.4411,10.2952,2,6,1,0,0,1,0.0000,12.5482,12.5184,1
1896,1403715981.384058237,15.8243,15.8215,10.4530,2,6,1,0,0,1,0.0000,12.8223,12.7926,1
1897,1403715981.434058189,3.2554,3.2398,0.1731,2,4,0,0,0,2,0.0000,0.2602,0.2283,1
1898,1403715981.484058142,3.1938,3.1946,0.2749,2,4,0,0,0,2,0.0000,0.3800,0.3523,1
1899,1403715981.534058094,15.6987,15.6982,10.5300,2,6,1,0,0,1,0.0000,12.8410,12.8173,1
1900,1403715981.584058285,3.0199,3.0173,0.1392,2,4,0,0,0,2,0.0000,0.2121,0.1846,1
1901,1403715981.634057999,3.3647,3.3037,0.2480,2,4,0,0,0,2,0.0000,0.3406,0.3127,1
1902,1403715981.684058189,16.1891,16.1183,10.7300,2,6,1,0,0,1,0.0000,13.2845,13.2522,1
1903,1403715981.734058142,3.1493,3.1526,0.1600,2,4,0,0,0,2,0.0000,0.2421,0.2104,1
1904,1403715981.784058094,3.3231,3.3236,0.2570,2,4,0,0,0,2,0.0000,0.3582,0.3257,1
1905,1403715981.834058046,3.4174,3.4189,0.3188,2,4,0,0,0,2,0.0000,0.4294,0.4013,1
1906,1403715981.884058237,13.2370,13.2405,7.5700,2,13,0,0,1,1,0.0000,10.1597,10.1310,1
1907,1403715981.934058189,3.4570,3.4473,0.1471,2,4,0,0,0,2,0.0000,0.2253,0.1927,1
1908,1403715981.984058142,3.7773,3.7109,0.2463,2,4,0,0,0,2,0.0000,0.3481,0.3115,1
1909,1403715982.034058094,16.4751,16.4785,10.8542,2,6,1,0,0,1,0.0000,13.4238,13.3899,1
1910,1403715982.084058285,3.3747,3.3786,0.1760,2,4,0,0,0,2,0.0000,0.2728,0.2319,1
1911,1403715982.134057999,3.5733,3.5358,0.2489,2,4,0,0,0,2,0.0000,0.3540,0.3185,1
1912,1403715982.184058189,3.5603,3.5641,0.3340,2,4,0,0,0,2,0.0000,0.4553,0.4209,1
1913,1403715982.234058142,16.6795,16.6742,10.9351,2,6,1,0,0,1,0.0000,13.4833,13.4475,1
1914,1403715982.284058094,3.3405,3.3400,0.1802,2,4,0,0,0,2,0.0000,0.2753,0.2360,1
1915,1403715982.334058046,3.5893,3.5428,0.2429,2,4,0,0,0,2,0.0000,0.3562,0.3152,1
1916,1403715982.384058237,3.6132,3.5856,0.3412,2,4,0,0,0,2,0.0000,0.4651,0.4295,1
1917,1403715982.434058189,17.4512,17.4147,11.3311,2,6,1,0,0,1,0.0000,14.0100,13.9590,1
1918,1403715982.484058142,3.7355,3.7040,0.1979,2,4,0,0,0,2,0.0000,0.3080,0.2580,1
1919,1403715982.534058094,4.0326,4.0070,0.2618,2,4,0,0,0,2,0.0000,0.3795,0.3344,1
1920,1403715982.584058285,13.2860,13.2795,7.6458,2,13,0,0,1,1,0.0000,10.1068,10.0654,1
1921,1403715982.634057999,3.4084,3.4120,0.1502,2,4,0,0,0,2,0.0000,0.2337,0.1978,1
1922,1403715982.684058189,13.7340,13.7379,7.6518,2,13,0,0,1,1,0.0000,10.1746,10.1301,1
1923,1403715982.734058142,13.4459,13.4396,7.6687,2,13,0,0,1,1,0.0000,10.1762,10.1351,1
1924,1403715982.784058094,13.0899,13.0933,7.4069,2,13,0,0,1,1,0.0000,9.9008,9.8485,1
1925,1403715982.834058046,3.5157,3.5176,0.1838,2,3,0,0,0,2,0.0000,0.2945,0.2472,1
1926,1403715982.884058237,13.0118,13.0133,7.5090,2,13,0,0,1,1,0.0000,9.9454,9.9040,1
1927,1403715982.934058189,3.7122,3.7035,0.2153,2,4,0,0,0,2,0.0000,0.3461,0.2881,1
1928,1403715982.984058142,3.6925,3.6914,0.2642,2,4,0,0,0,2,0.0000,0.3755,0.3366,1
1929,1403715983.034058094,13.7611,13.7557,7.5922,2,13,0,0,1,1,0.0000,10.1348,10.1001,1
1930,1403715983.084058285,4.0697,4.0520,0.1819,2,4,0,0,0,2,0.0000,0.2903,0.2393,1
1931,1403715983.134057999,3.8860,3.8876,0.2832,2,4,0,0,0,2,0.0000,0.4029,0.3614,1
1932,1403715983.184058189,3.9505,3.9422,0.3362,2,4,0,0,0,2,0.0000,0.4616,0.4225,1
1933,1403715983.234058142,13.8761,13.8608,7.6179,2,13,0,0,1,1,0.0000,10.3087,10.2610,1
1934,1403715983.284058094,4.0113,4.0148,0.2060,2,4,0,0,0,2,0.0000,0.3202,0.2751,1
1935,1403715983.334058046,3.9254,3.9164,0.3068,2,4,0,0,0,2,0.0000,0.4395,0.3955,1
1936,1403715983.384058237,4.2921,4.2888,0.4048,2,4,0,0,0,2,0.0000,0.5656,0.5160,1
1937,1403715983.434058189,17.8906,17.8825,11.3389,2,6,1,0,0,1,0.0000,14.0336,13.9836,1
1938,1403715983.484058142,4.1957,4.1770,0.2201,2,4,0,0,0,2,0.0000,0.3433,0.2933,1
1939,1403715983.534058094,4.3703,4.3714,0.3479,2,4,0,0,0,2,0.0000,0.5002,0.4463,1
1940,1403715983.584058285,4.7961,4.8002,0.3958,2,4,0,0,0,2,0.0000,0.5709,0.5106,1
1941,1403715983.634057999,18.5994,18.5493,11.5371,2,6,1,0,0,1,0.0000,14.2681,14.2048,1
1942,1403715983.684058189,4.1291,4.1252,0.2291,2,4,0,0,0,2,0.0000,0.3576,0.3022,1
1943,1403715983.734058142,4.3099,4.3139,0.2949,2,4,0,0,0,2,0.0000,0.4244,0.3776,1
1944,1403715983.784058094,4.0620,4.0658,0.3409,2,4,0,0,0,2,0.0000,0.4830,0.4343,1
1945,1403715983.834058046,14.1116,14.1053,7.7598,2,13,0,0,1,1,0.0000,10.3981,10.3492,1
1946,1403715983.884058237,3.9002,3.8982,0.1862,2,4,0,0,0,2,0.0000,0.2901,0.2452,1
1947,1403715983.934058189,13.8683,13.8719,7.7403,2,13,0,0,1,1,0.0000,10.3306,10.2940,1
1948,1403715983.984058142,4.1099,4.0852,0.1822,2,4,0,0,0,2,0.0000,0.2908,0.2406,1
1949,1403715984.034058094,14.5020,14.5016,7.8840,2,13,0,0,1,1,0.0000,10.5921,10.5526,1
1950,1403715984.084058285,16.9246,16.9187,10.7880,2,6,1,0,0,1,0.0000,13.3069,13.2655,1
1951,1403715984.134057999,17.1603,17.1169,11.1191,2,6,1,0,0,1,0.0000,13.7257,13.6880,1
1952,1403715984.184058189,17.1390,17.0570,10.9601,2,6,1,0,0,1,0.0000,13.5066,13.4526,1
1953,1403715984.234058142,17.3631,17.2240,10.3152,2,6,1,0,0,1,0.0000,12.8375,12.7985,1
1954,1403715984.284058094,13.5663,13.5469,7.6759,2,13,0,0,1,1,0.0000,10.1055,10.0647,1
1955,1403715984.334058046,13.0243,13.0117,7.2420,2,13,0,0,1,1,0.0000,9.5547,9.5166,1
1956,1403715984.384058237,13.0350,13.0190,7.2062,2,13,0,0,1,1,0.0000,9.5950,9.5691,1
1957,1403715984.434058189,16.5129,16.5124,10.5350,2,6,1,0,0,1,0.0000,13.0236,12.9879,1
1958,1403715984.484058142,16.1580,16.1616,10.4489,2,6,1,0,0,1,0.0000,12.8971,12.8716,1
1959,1403715984.534058094,13.6427,13.6462,7.3581,2,13,0,0,1,1,0.0000,9.7994,9.7736,1
1960,1403715984.584058285,13.5206,13.5038,7.4878,2,13,0,0,1,1,0.0000,9.9771,9.9392,1
1961,1403715984.634057999,17.5663,16.9618,7.7481,2,13,0,0,1,1,0.0000,10.2956,10.2512,1
1962,1403715984.684058189,14.4247,14.3761,7.3121,2,13,0,0,1,1,0.0000,9.7772,9.7485,1
1963,1403715984.734058142,18.0674,18.0551,10.7698,2,6,1,0,0,1,0.0000,13.2797,13.2400,1
1964,1403715984.784058094,17.4609,17.4377,10.4811,2,6,1,0,0,1,0.0000,12.9622,12.9315,1
1965,1403715984.834058046,13.5557,13.4078,7.2200,2,13,0,0,1,1,0.0000,9.6920,9.6668,1
1966,1403715984.884058237,16.4790,16.4605,10.4308,2,6,1,0,0,1,0.0000,12.8740,12.8437,1
1967,1403715984.934058189,15.9850,15.9863,10.3121,2,6,1,0,0,1,0.0000,12.6941,12.6660,1
1968,1403715984.984058142,16.0445,16.0364,10.3989,2,6,1,0,0,1,0.0000,12.6817,12.6574,1
1969,1403715985.034058094,16.4508,16.4513,10.8087,2,6,1,0,0,1,0.0000,13.2023,13.1695,1
1970,1403715985.084058285,16.8163,16.7771,11.0109,2,6,1,0,0,1,0.0000,13.4187,13.3755,1
1971,1403715985.134057999,16.9395,16.9204,10.9348,2,6,1,0,0,1,0.0000,13.2786,13.2490,1
1972,1403715985.184058189,17.7019,17.6546,11.3490,2,6,1,0,0,1,0.0000,13.9571,13.9112,1
1973,1403715985.234058142,3.3457,3.3245,0.1872,2,3,0,0,0,2,0.0000,0.2846,0.2488,1
1974,1403715985.284058094,16.4585,16.4248,10.6518,2,6,1,0,0,1,0.0000,13.0979,13.0631,1
1975,1403715985.334058046,3.1745,3.1532,0.1612,2,4,0,0,0,2,0.0000,0.2467,0.2117,1
1976,1403715985.384058237,3.0788,3.0823,0.2830,2,4,0,0,0,2,0.0000,0.3901,0.3547,1
1977,1403715985.434058189,3.1295,3.1331,0.3350,2,4,0,0,0,2,0.0000,0.4463,0.4175,1
1978,1403715985.484058142,16.0601,16.0599,10.5462,2,6,1,0,0,1,0.0000,13.1455,13.1032,1
1979,1403715985.534058094,3.2330,3.2337,0.2499,2,4,0,0,0,2,0.0000,0.3580,0.3181,1
1980,1403715985.584058285,12.9839,12.9818,7.5800,2,13,0,0,1,1,0.0000,10.0822,10.0594,1
1981,1403715985.634057999,13.1870,13.1527,7.5049,2,13,0,0,1,1,0.0000,10.0562,10.0161,1
1982,1403715985.684058189,3.2805,3.2841,0.1659,2,3,0,0,0,2,0.0000,0.2719,0.2261,1
1983,1403715985.734058142,3.6720,3.6239,0.2990,2,4,0,0,0,2,0.0000,0.4180,0.3804,1
1984,1403715985.784058094,3.7499,3.7300,0.4263,2,4,0,0,0,2,0.0000,0.5798,0.5331,1
1985,1403715985.834058046,14.2731,14.1929,7.9920,2,13,0,0,1,1,0.0000,10.8523,10.8063,1
1986,1403715985.884058237,3.5066,3.4819,0.2179,2,4,0,0,0,2,0.0000,0.3384,0.2893,1
1987,1403715985.934058189,3.8637,3.7909,0.3271,2,4,0,0,0,2,0.0000,0.4716,0.4219,1
1988,1403715985.984058142,4.0269,3.7862,0.4549,2,4,0,0,0,2,0.0000,0.6324,0.5805,1
1989,1403715986.034058094,14.4829,14.4572,8.3489,2,13,0,0,1,1,0.0000,11.1989,11.1491,1
1990,1403715986.084058285,3.6952,3.6577,0.2599,2,4,0,0,0,2,0.0000,0.3967,0.3471,1
1991,1403715986.134057999,3.7908,3.7333,0.4063,2,4,0,0,0,2,0.0000,0.5787,0.5266,1
1992,1403715986.184058189,4.0454,3.9945,0.5100,2,4,0,0,0,2,0.0000,0.7078,0.6580,1
1993,1403715986.234058142,14.5519,14.4737,8.3969,2,13,0,0,1,1,0.0000,11.2813,11.2333,1
1994,1403715986.284058094,3.5504,3.5370,0.2570,2,4,0,0,0,2,0.0000,0.3972,0.3415,1
1995,1403715986.334058046,4.7380,4.6234,0.3960,2,4,0,0,0,2,0.0000,0.6365,0.5150,1
1996,1403715986.384058237,4.2780,4.2051,0.5202,2,4,0,0,0,2,0.0000,0.7287,0.6686,1
1997,1403715986.434058189,15.0860,14.9803,8.5237,2,13,0,0,1,1,0.0000,11.4152,11.3567,1
1998,1403715986.484058142,4.3980,4.1454,0.2880,2,4,0,0,0,2,0.0000,0.4480,0.3819,1
1999,1403715986.534058094,4.8641,4.4492,0.4060,2,4,0,0,0,2,0.0000,0.5920,0.5271,1
2000,1403715986.584058285,4.2047,4.1797,0.4690,2,4,0,0,0,2,0.0000,0.6617,0.6072,1
2001,1403715986.634057999,14.9526,14.8802,8.4233,2,13,0,0,1,1,0.0000,11.2948,11.2379,1
2002,1403715986.684058189,3.9428,3.9232,0.2270,2,4,0,0,0,2,0.0000,0.3547,0.2986,1
2003,1403715986.734058142,3.9636,3.9309,0.3040,2,4,0,0,0,2,0.0000,0.4421,0.3918,1
2004,1403715986.784058094,3.8735,3.8197,0.4122,2,4,0,0,0,2,0.0000,0.5714,0.5218,1
2005,1403715986.834058046,14.4837,14.4523,8.4302,2,13,0,0,1,1,0.0000,11.4040,11.3495,1
2006,1403715986.884058237,3.4645,3.4612,0.2069,2,4,0,0,0,2,0.0000,0.3232,0.2755,1
2007,1403715986.934058189,3.7628,3.7428,0.3071,2,4,0,0,0,2,0.0000,0.4446,0.3975,1
2008,1403715986.984058142,3.7644,3.7458,0.4222,2,4,0,0,0,2,0.0000,0.5886,0.5369,1
2009,1403715987.034058094,14.0959,14.0645,8.1151,2,13,0,0,1,1,0.0000,10.9547,10.8937,1
2010,1403715987.084058285,3.3766,3.3390,0.1881,2,4,0,0,0,2,0.0000,0.2992,0.2520,1
2011,1403715987.134057999,3.6390,3.6031,0.3309,2,4,0,0,0,2,0.0000,0.4723,0.4262,1
2012,1403715987.184058189,3.8763,3.8432,0.4189,2,4,0,0,0,2,0.0000,0.5834,0.5376,1
2013,1403715987.234058142,13.7932,13.7967,7.9663,2,13,0,0,1,1,0.0000,10.7509,10.7182,1
2014,1403715987.284058094,3.5174,3.4865,0.1769,2,4,0,0,0,2,0.0000,0.2906,0.2387,1
2015,1403715987.334058046,3.3945,3.4016,0.2770,2,4,0,0,0,2,0.0000,0.4033,0.3563,1
2016,1403715987.384058237,3.6168,3.6208,0.3939,2,4,0,0,0,2,0.0000,0.5500,0.5012,1
2017,1403715987.434058189,14.1592,14.1632,8.2710,2,13,0,0,1,1,0.0000,11.1104,11.0645,1
2018,1403715987.484058142,3.6445,3.6416,0.2451,2,4,0,0,0,2,0.0000,0.3755,0.3268,1
2019,1403715987.534058094,3.3985,3.4049,0.3233,2,4,0,0,0,2,0.0000,0.4630,0.4202,1
2020,1403715987.584058285,3.5871,3.5513,0.4089,2,4,0,0,0,2,0.0000,0.5757,0.5313,1
2021,1403715987.634057999,14.0538,14.0573,8.2929,2,13,0,0,1,1,0.0000,11.1943,11.1470,1
2022,1403715987.684058189,3.2392,3.2430,0.2048,2,4,0,0,0,2,0.0000,0.3219,0.2776,1
2023,1403715987.734058142,3.2302,3.2338,0.2820,2,4,0,0,0,2,0.0000,0.4140,0.3712,1
2024,1403715987.784058094,3.3265,3.3300,0.4010,2,4,0,0,0,2,0.0000,0.5527,0.5121,1
2025,1403715987.834058046,14.4274,14.4151,8.1968,2,13,0,0,1,1,0.0000,11.1709,11.1292,1
2026,1403715987.884058237,3.3356,3.3396,0.2053,2,4,0,0,0,2,0.0000,0.3311,0.2787,1
2027,1403715987.934058189,3.2786,3.2825,0.3138,2,4,0,0,0,2,0.0000,0.4543,0.4070,1
2028,1403715987.984058142,3.3312,3.3347,0.4148,2,4,0,0,0,2,0.0000,0.5777,0.5327,1
2029,1403715988.034058094,14.2347,14.2384,8.3249,2,13,0,0,1,1,0.0000,11.3160,11.2722,1
2030,1403715988.084058285,3.1447,3.1509,0.1900,2,4,0,0,0,2,0.0000,0.3001,0.2561,1
2031,1403715988.134057999,14.6498,14.4393,8.1172,2,13,0,0,1,1,0.0000,10.9969,10.9683,1
2032,1403715988.184058189,14.9353,14.9367,8.4879,2,13,0,0,1,1,0.0000,11.5713,11.4985,1
2033,1403715988.234058142,3.8286,3.8323,0.3409,2,4,0,0,0,2,0.0000,0.5213,0.4598,1
2034,1403715988.284058094,4.1638,4.1678,0.4780,2,4,0,0,0,2,0.0000,0.6732,0.6249,1
2035,1403715988.334058046,4.1277,4.1317,0.6292,2,4,0,0,0,2,0.0000,0.8784,0.8212,1
2036,1403715988.384058237,15.4010,15.4048,8.9271,2,13,0,0,1,1,0.0000,12.0385,11.9769,1
2037,1403715988.434058189,3.9328,3.9258,0.2971,2,4,0,0,0,2,0.0000,0.4533,0.4000,1
2038,1403715988.484058142,4.2856,4.2238,0.4511,2,4,0,0,0,2,0.0000,0.6580,0.5907,1
2039,1403715988.534058094,4.1212,4.1248,0.7482,2,13,0,0,1,1,0.0000,0.9803,0.9199,1
2040,1403715988.584058285,15.9615,15.9109,9.1021,2,13,0,0,1,1,0.0000,12.2400,12.1784,1
2041,1403715988.634057999,3.4170,3.4207,0.2539,2,4,0,0,0,2,0.0000,0.4061,0.3454,1
2042,1403715988.684058189,3.9678,3.8997,0.3951,2,4,0,0,0,2,0.0000,0.5807,0.5187,1
2043,1403715988.734058142,4.0061,4.0098,0.6347,2,13,0,0,1,1,0.0000,0.8448,0.7886,1
2044,1403715988.784058094,15.6041,15.6081,9.3482,2,13,0,0,1,1,0.0000,12.5226,12.4597,1
2045,1403715988.834058046,3.7636,3.7464,0.3581,2,4,0,0,0,2,0.0000,0.5540,0.4797,1
2046,1403715988.884058237,3.9028,3.9070,0.3388,2,4,0,0,0,2,0.0000,0.4846,0.4434,1
2047,1403715988.934058189,3.8529,3.8569,0.4449,2,4,0,0,0,2,0.0000,0.6558,0.5697,1
2048,1403715988.984058142,15.8538,15.8401,9.3698,2,13,0,0,1,1,0.0000,12.6438,12.5847,1
2049,1403715989.034058094,4.0705,4.0457,0.2930,2,5,0,0,0,2,0.0000,0.4350,0.3790,1
2050,1403715989.084058285,3.9976,3.9895,0.3979,2,5,0,0,0,2,0.0000,0.5668,0.5058,1
2051,1403715989.134057999,4.0673,4.0692,0.4168,2,4,0,0,0,2,0.0000,0.5929,0.5387,1
2052,1403715989.184058189,15.5460,15.5420,9.0201,2,13,0,0,1,1,0.0000,12.1041,12.0506,1
2053,1403715989.234058142,3.9457,3.9400,0.2289,2,4,0,0,0,2,0.0000,0.3668,0.3095,1
2054,1403715989.284058094,4.1069,4.1031,0.3552,2,4,0,0,0,2,0.0000,0.5278,0.4654,1
2055,1403715989.334058046,4.3232,4.2932,0.5312,2,13,0,0,1,1,0.0000,0.7181,0.6608,1
2056,1403715989.384058237,15.5806,15.5638,8.9822,2,13,0,0,1,1,0.0000,11.9547,11.8979,1
2057,1403715989.434058189,4.0870,4.0828,0.2608,2,4,0,0,0,2,0.0000,0.4136,0.3534,1
2058,1403715989.484058142,4.1397,4.1373,0.3700,2,4,0,0,0,2,0.0000,0.5441,0.4867,1
2059,1403715989.534058094,4.2960,4.2971,0.5441,2,13,0,0,1,1,0.0000,0.7376,0.6826,1
2060,1403715989.584058285,18.9696,18.9602,12.4278,2,6,1,0,0,1,0.0000,15.4099,15.3547,1
2061,1403715989.634057999,3.8305,3.8343,0.2320,2,4,0,0,0,2,0.0000,0.3730,0.3146,1
2062,1403715989.684058189,3.8856,3.8893,0.3459,2,4,0,0,0,2,0.0000,0.5095,0.4544,1
2063,1403715989.734058142,4.1265,4.1202,0.4411,2,4,0,0,0,2,0.0000,0.6347,0.5788,1
2064,1403715989.784058094,15.0354,15.0313,8.8000,2,13,0,0,1,1,0.0000,11.6670,11.6152,1
2065,1403715989.834058046,3.5542,3.5533,0.2117,2,4,0,0,0,2,0.0000,0.3481,0.2929,1
2066,1403715989.884058237,3.6076,3.6113,0.3121,2,4,0,0,0,2,0.0000,0.4659,0.4125,1
2067,1403715989.934058189,3.8835,3.8872,0.4339,2,4,0,0,0,2,0.0000,0.6123,0.5604,1
2068,1403715989.984058142,16.0123,16.0056,9.4230,2,13,0,0,1,1,0.0000,12.6613,12.5944,1
2069,1403715990.034058094,4.4223,4.3311,0.2730,2,4,0,0,0,2,0.0000,0.4345,0.3660,1
2070,1403715990.084058285,4.2082,4.2092,0.4001,2,4,0,0,0,2,0.0000,0.6458,0.5280,1
2071,1403715990.134057999,4.7143,4.6682,0.6032,2,13,0,0,1,1,0.0000,0.8195,0.7540,1
2072,1403715990.184058189,15.9409,15.9001,8.9300,2,13,0,0,1,1,0.0000,12.1265,12.0563,1
2073,1403715990.234058142,4.3886,4.3431,0.2761,2,4,0,0,0,2,0.0000,0.4460,0.3727,1
2074,1403715990.284058094,4.4221,4.4142,0.3929,2,4,0,0,0,2,0.0000,0.5823,0.5134,1
2075,1403715990.334058046,4.5464,4.5315,0.5851,2,13,0,0,1,1,0.0000,0.7879,0.7230,1
2076,1403715990.384058237,19.1470,19.1190,12.0049,2,6,1,0,0,1,0.0000,15.0845,15.0150,1
2077,1403715990.434058189,4.3604,4.2943,0.2713,2,4,0,0,0,2,0.0000,0.4414,0.3657,1
2078,1403715990.484058142,4.3685,4.3723,0.3841,2,4,0,0,0,2,0.0000,0.5717,0.5014,1
2079,1403715990.534058094,4.8395,4.8168,0.6058,2,13,0,0,1,1,0.0000,0.8213,0.7509,1
2080,1403715990.584058285,18.9960,18.9896,12.0492,2,6,1,0,0,1,0.0000,15.1929,15.1221,1
2081,1403715990.634057999,4.0195,4.0234,0.2341,2,4,0,0,0,2,0.0000,0.3850,0.3171,1
2082,1403715990.684058189,4.2213,4.2250,0.3269,2,4,0,0,0,2,0.0000,0.5073,0.4314,1
2083,1403715990.734058142,4.3194,4.3150,0.4799,2,13,0,0,1,1,0.0000,0.6581,0.5966,1
2084,1403715990.784058094,14.8957,14.8833,8.1949,2,13,0,0,1,1,0.0000,11.2621,11.1983,1
2085,1403715990.834058046,4.0888,4.0922,0.1910,2,4,0,0,0,2,0.0000,0.3206,0.2595,1
2086,1403715990.884058237,4.1063,4.0984,0.2699,2,4,0,0,0,2,0.0000,0.3999,0.3486,1
2087,1403715990.934058189,4.6481,4.6241,0.3200,2,4,0,0,0,2,0.0000,0.4595,0.4083,1
2088,1403715990.984058142,16.2154,16.2162,8.4302,2,13,0,0,1,1,0.0000,11.5068,11.4544,1
2089,1403715991.034058094,4.9224,4.9191,0.1452,2,4,0,0,0,2,0.0000,0.2428,0.1965,1
2090,1403715991.084058285,16.7595,16.7413,8.6551,2,13,0,0,1,1,0.0000,11.7355,11.6873,1
2091,1403715991.134057999,16.2942,16.2839,8.5649,2,13,0,0,1,1,0.0000,11.6143,11.5706,1
2092,1403715991.184058189,4.6340,4.6305,0.1757,2,4,0,0,0,2,0.0000,0.2980,0.2334,1
2093,1403715991.234058142,4.7815,4.7638,0.2699,2,4,0,0,0,2,0.0000,0.4227,0.3462,1
2094,1403715991.284058094,4.7731,4.7767,0.4303,2,13,0,0,1,1,0.0000,0.5912,0.5271,1
2095,1403715991.334058046,20.0555,20.0592,12.4760,2,6,1,0,0,1,0.0000,15.8434,15.7741,1
2096,1403715991.384058237,5.3349,5.3224,0.3138,2,3,0,0,0,2,0.0000,0.5697,0.4567,1
2097,1403715991.434058189,6.2074,6.1213,0.4742,2,4,0,0,0,2,0.0000,0.7073,0.6242,1
2098,1403715991.484058142,5.7573,5.6500,0.7241,2,5,0,0,0,2,0.0000,0.9810,0.9091,1
2099,1403715991.534058094,16.6821,16.6533,8.9800,2,13,0,0,1,1,0.0000,12.0975,12.0239,1
2100,1403715991.584058285,4.7067,4.7043,0.1743,2,4,0,0,0,2,0.0000,0.3133,0.2346,1
2101,1403715991.634057999,4.7760,4.7768,0.2692,2,4,0,0,0,2,0.0000,0.4210,0.3491,1
2102,1403715991.684058189,5.0080,5.0119,0.4301,2,13,0,0,1,1,0.0000,0.5980,0.5281,1
2103,1403715991.734058142,16.4162,16.3558,8.5719,2,13,0,0,1,1,0.0000,11.8332,11.7569,1
2104,1403715991.784058094,5.1385,5.1096,0.1810,2,4,0,0,0,2,0.0000,0.3349,0.2389,1
2105,1403715991.834058046,5.0209,5.0049,0.2761,2,4,0,0,0,2,0.0000,0.4360,0.3535,1
2106,1403715991.884058237,15.5258,15.5217,7.9710,2,13,0,0,1,1,0.0000,11.0938,11.0085,1
2107,1403715991.934058189,4.6991,4.7006,0.1843,2,4,0,0,0,2,0.0000,0.3305,0.2458,1
2108,1403715991.984058142,4.8071,4.7840,0.2608,2,4,0,0,0,2,0.0000,0.4132,0.3334,1
2109,1403715992.034058094,4.7854,4.7890,0.3533,2,4,0,0,0,2,0.0000,0.5170,0.4472,1
2110,1403715992.084058285,14.7178,14.7181,7.5488,2,13,0,0,1,1,0.0000,10.4264,10.3553,1
2111,1403715992.134057999,14.3937,14.3764,7.2279,2,13,0,0,1,1,0.0000,10.0205,9.9500,1
2112,1403715992.184058189,4.6962,4.6850,0.1531,2,4,0,0,0,2,0.0000,0.2652,0.2006,1
2113,1403715992.234058142,14.8349,14.7424,7.2260,2,13,0,0,1,1,0.0000,10.0385,9.9523,1
2114,1403715992.284058094,4.8193,4.8125,0.3049,2,13,0,0,1,1,0.0000,0.4385,0.3702,1
2115,1403715992.334058046,17.4676,17.4678,7.5963,2,13,0,0,1,1,0.0000,13.1324,13.0643,1
2116,1403715992.384058237,4.6888,4.6750,0.1600,2,3,0,0,0,2,0.0000,0.2870,0.2181,1
2117,1403715992.434058189,4.7412,4.7257,0.2649,2,4,0,0,0,2,0.0000,0.3960,0.3324,1
2118,1403715992.484058142,4.9847,4.9810,0.3908,2,13,0,0,1,1,0.0000,0.5509,0.4740,1
2119,1403715992.534058094,5.2745,5.2527,0.4320,2,13,0,0,1,1,0.0000,0.5898,0.5198,1
2120,1403715992.584058285,5.0949,5.0534,0.5260,2,13,0,0,1,1,0.0000,0.6901,0.6207,1
2121,1403715992.634057999,5.4566,5.3789,0.6082,2,13,0,0,1,1,0.0000,0.7798,0.7153,1
2122,1403715992.684058189,5.4309,5.3627,0.6881,2,13,0,0,1,1,0.0000,0.8735,0.8044,1
2123,1403715992.734058142,5.4496,5.4104,0.7660,2,13,0,0,1,1,0.0000,0.9613,0.8918,1
2124,1403715992.784058094,5.0449,5.0482,0.4001,2,13,0,0,1,1,0.0000,0.7199,0.6517,1
2125,1403715992.834058046,18.5235,18.4960,8.1732,2,13,0,0,1,1,0.0000,14.2536,14.1914,1
2126,1403715992.884058237,4.9135,4.9174,0.1690,2,3,0,0,0,2,0.0000,0.2987,0.2260,1
2127,1403715992.934058189,5.0345,5.0383,0.2780,2,4,0,0,0,2,0.0000,0.4253,0.3501,1
2128,1403715992.984058142,5.1124,5.0893,0.4189,2,13,0,0,1,1,0.0000,0.5777,0.5038,1
2129,1403715993.034058094,18.6334,18.6387,8.0750,2,13,0,0,1,1,0.0000,14.2710,14.1992,1
2130,1403715993.084058285,4.7003,4.6968,0.2708,2,3,0,0,0,2,0.0000,0.4518,0.3767,1
2131,1403715993.134057999,27.0020,26.9546,15.9960,2,6,1,0,0,1,0.0000,22.7165,22.6470,1
2132,1403715993.184058189,5.3094,5.2190,0.3760,2,4,0,0,0,2,0.0000,0.5843,0.5076,1
2133,1403715993.234058142,5.6669,5.6283,0.7038,2,5,0,0,0,2,0.0000,0.9706,0.8940,1
2134,1403715993.284058094,6.0059,5.9901,1.1868,2,13,0,0,1,1,0.0000,1.5072,1.4307,1
2135,1403715993.334058046,24.3534,24.0705,16.2914,2,6,1,0,0,1,0.0000,19.5417,19.4699,1
2136,1403715993.384058237,5.0706,5.0743,0.5841,2,14,0,0,1,1,0.0000,0.7956,0.7242,1
2137,1403715993.434058189,5.0953,5.0989,0.6559,2,14,0,0,1,1,0.0000,0.8703,0.8015,1
2138,1403715993.484058142,5.3311,5.3306,0.7479,2,14,0,0,1,1,0.0000,0.9796,0.9081,1
2139,1403715993.534058094,5.4558,5.4594,0.8519,2,14,0,0,1,1,0.0000,1.0994,1.0285,1
2140,1403715993.584058285,5.6281,5.6174,0.9468,2,14,0,0,1,1,0.0000,1.2066,1.1314,1
2141,1403715993.634057999,5.6257,5.6251,1.0202,2,14,0,0,1,1,0.0000,1.2776,1.2087,1
2142,1403715993.684058189,6.0480,6.0215,1.1363,2,14,0,0,1,1,0.0000,1.4188,1.3422,1
2143,1403715993.734058142,28.7448,28.7403,17.6253,2,7,1,0,0,1,0.0000,24.2666,24.1759,1
2144,1403715993.784058094,5.4367,5.3962,0.3850,2,5,0,0,0,2,0.0000,0.5937,0.5028,1
2145,1403715993.834058046,5.9246,5.9054,0.6530,2,6,0,0,0,2,0.0000,0.8908,0.8130,1
2146,1403715993.884058237,5.6748,5.6692,0.6614,2,4,0,0,0,2,0.0000,0.9494,0.8698,1
2147,1403715993.934058189,18.8893,18.8831,10.9119,2,13,0,0,1,1,0.0000,14.3318,14.2511,1
2148,1403715993.984058142,5.4405,5.4015,0.4120,2,5,0,0,0,2,0.0000,0.6137,0.5368,1
